Rk,Player,Pos,Age,Tm,G,MP,PER,TS%,3PAr,FTr,ORB%,DRB%,TRB%,AST%,STL%,BLK%,TOV%,USG%,,OWS,DWS,WS,WS/48,,OBPM,DBPM,BPM,VORP
1,Alex Abrines\abrinal01,SG,23,OKC,48,708,10.1,.572,.717,.190,2.0,6.6,4.3,4.9,1.5,0.6,8.6,16.1,,0.9,0.6,1.4,.098,,-0.3,-2.6,-2.9,-0.2
2,Quincy Acy\acyqu01,PF,26,TOT,18,182,15.8,.617,.462,.308,7.7,15.5,11.5,1.8,0.8,2.9,8.7,19.5,,0.3,0.1,0.4,.118,,-0.8,-3.1,-3.9,-0.1
2,Quincy Acy\acyqu01,PF,26,DAL,6,48,-1.3,.355,.412,.176,4.6,15.3,9.7,0.0,0.0,0.0,9.8,20.1,,-0.2,0.0,-0.1,-0.130,,-10.1,-6.0,-16.1,-0.2
2,Quincy Acy\acyqu01,PF,26,BRK,12,134,21.9,.703,.479,.354,8.8,15.5,12.2,2.5,1.1,3.9,8.3,19.3,,0.5,0.1,0.6,.206,,2.5,-2.1,0.4,0.1
3,Steven Adams\adamsst01,C,23,OKC,57,1756,17.3,.597,.004,.366,12.8,15.7,14.3,5.7,1.8,2.8,15.7,16.8,,2.7,2.3,5.1,.138,,-0.5,1.3,0.8,1.3
4,Arron Afflalo\afflaar01,SG,31,SAC,49,1253,8.3,.548,.386,.216,0.8,7.8,4.3,7.4,0.7,0.4,8.6,13.8,,0.8,0.3,1.0,.040,,-1.8,-2.1,-3.9,-0.6
5,Alexis Ajinca\ajincal01,C,28,NOP,24,355,10.8,.493,.031,.245,7.6,23.7,15.6,3.4,1.7,3.9,16.2,16.2,,-0.2,0.6,0.3,.045,,-6.4,1.6,-4.8,-0.2
6,Cole Aldrich\aldrico01,C,28,MIN,53,476,13.2,.553,.000,.284,11.3,24.2,17.7,7.2,2.4,4.0,14.4,9.0,,0.6,0.7,1.3,.133,,-1.7,3.2,1.5,0.4
7,LaMarcus Aldridge\aldrila01,PF,31,SAS,53,1707,18.9,.540,.052,.299,8.6,17.3,13.1,10.4,0.9,2.8,8.2,24.6,,3.0,2.6,5.6,.158,,0.0,1.1,1.0,1.3
8,Lavoy Allen\allenla01,PF,27,IND,45,647,10.1,.464,.008,.159,10.8,14.4,12.6,9.4,1.2,2.0,13.5,10.8,,0.4,0.5,0.9,.067,,-2.4,1.1,-1.3,0.1
9,Tony Allen\allento01,SG,35,MEM,51,1419,13.1,.491,.076,.245,9.4,13.9,11.6,7.1,3.5,1.7,14.5,18.0,,-0.2,2.5,2.3,.076,,-2.3,3.0,0.7,1.0
10,Al-Farouq Aminu\aminual01,SF,26,POR,38,1104,10.7,.483,.467,.243,4.5,23.9,14.1,10.1,1.7,1.8,14.9,15.5,,-0.2,1.1,0.8,.036,,-2.5,1.1,-1.3,0.2
11,Chris Andersen\anderch01,C,38,CLE,12,114,11.6,.497,.136,.636,9.0,20.6,15.0,5.9,2.2,4.9,15.1,12.8,,0.1,0.2,0.3,.109,,-3.6,3.2,-0.4,0.0
12,Alan Anderson\anderal01,SF,34,LAC,24,271,4.9,.476,.556,.181,1.3,8.4,4.9,5.6,0.6,0.0,8.3,13.9,,-0.1,0.1,0.1,.010,,-2.9,-2.2,-5.1,-0.2
13,Justin Anderson\anderju01,SF,23,TOT,53,724,15.0,.523,.443,.316,6.3,19.1,12.4,7.4,2.1,2.0,11.3,23.7,,0.2,1.0,1.1,.075,,-1.7,-0.2,-2.0,0.0
13,Justin Anderson\anderju01,SF,23,DAL,51,710,15.0,.523,.442,.319,6.1,19.0,12.3,7.6,2.1,2.0,11.3,23.7,,0.2,0.9,1.1,.074,,-1.7,-0.1,-1.8,0.0
13,Justin Anderson\anderju01,SF,23,PHI,2,14,14.9,.543,.500,.167,15.7,23.6,19.6,0.0,3.5,0.0,13.4,23.1,,0.0,0.0,0.0,.102,,-2.8,-5.9,-8.7,0.0
14,Kyle Anderson\anderky01,SG,23,SAS,53,687,12.1,.525,.189,.333,3.6,18.4,11.2,11.0,2.5,2.4,15.1,11.7,,0.4,1.3,1.7,.121,,-2.2,3.6,1.4,0.6
15,Ryan Anderson\anderry01,PF,28,HOU,58,1766,13.6,.584,.635,.213,5.9,12.0,9.0,4.6,0.8,0.6,6.9,17.9,,3.3,1.1,4.4,.120,,1.7,-2.4,-0.7,0.6
16,Giannis Antetokounmpo\antetgi01,SF,22,MIL,57,2026,26.6,.608,.158,.463,6.1,21.6,14.0,26.5,2.5,4.8,13.8,28.2,,6.0,3.1,9.0,.214,,4.7,3.4,8.1,5.2
17,Carmelo Anthony\anthoca01,SF,32,NYK,59,2022,19.1,.543,.300,.262,2.7,16.0,9.3,14.9,1.2,1.1,8.9,29.9,,3.3,1.1,4.4,.104,,2.1,-2.3,-0.2,0.9
18,Joel Anthony\anthojo01,C,34,SAS,9,56,14.3,.676,.000,.250,12.5,19.7,16.2,2.4,0.9,2.9,10.1,8.0,,0.1,0.1,0.2,.190,,-0.8,1.1,0.4,0.0
19,Trevor Ariza\arizatr01,SF,31,HOU,61,2104,12.4,.544,.707,.140,2.3,15.5,8.9,9.0,2.6,0.6,7.9,14.3,,2.1,2.6,4.6,.106,,0.8,1.0,1.8,2.0
20,Darrell Arthur\arthuda01,PF,28,DEN,31,498,13.2,.608,.544,.059,4.6,14.4,9.5,10.0,1.2,2.5,15.2,17.3,,0.6,0.2,0.9,.082,,0.8,-1.0,-0.2,0.2
21,Omer Asik\asikom01,C,30,NOP,31,482,9.8,.517,.000,.600,10.4,25.4,17.8,4.3,0.5,1.7,14.6,8.8,,0.4,0.6,1.0,.096,,-4.4,0.9,-3.5,-0.2
22,D.J. Augustin\augusdj01,PG,29,ORL,59,1224,11.8,.537,.543,.305,0.8,7.0,3.8,21.8,1.0,0.1,12.8,19.2,,1.0,0.5,1.5,.058,,-0.2,-3.3,-3.5,-0.5
23,Luke Babbitt\babbilu01,SF,27,MIA,51,797,7.9,.540,.706,.071,1.8,13.7,7.7,4.3,1.0,0.8,7.6,13.1,,0.4,0.8,1.2,.072,,-1.6,-0.8,-2.4,-0.1
24,Ron Baker\bakerro01,SG,23,NYK,30,349,8.0,.473,.453,.232,1.8,12.6,7.2,14.3,2.3,0.7,18.7,15.8,,-0.3,0.2,0.0,-0.002,,-3.4,-0.8,-4.2,-0.2
25,Wade Baldwin\baldwwa01,PG,20,MEM,24,309,6.9,.413,.214,.381,2.5,9.8,6.1,24.0,2.3,1.9,24.0,18.9,,-0.6,0.4,-0.2,-0.030,,-6.2,0.7,-5.5,-0.3
26,Leandro Barbosa\barbole01,SG,34,PHO,55,730,12.5,.509,.234,.088,1.6,10.7,6.0,14.7,1.5,0.8,8.4,19.3,,0.5,0.3,0.8,.053,,-1.5,-2.0,-3.5,-0.3
27,J.J. Barea\bareajo01,PG,32,DAL,18,444,17.3,.530,.385,.172,1.3,13.0,6.8,35.3,1.1,0.2,13.1,25.3,,0.5,0.3,0.8,.090,,1.4,-1.7,-0.3,0.2
28,Harrison Barnes\barneha02,PF,24,DAL,59,2114,17.4,.542,.173,.199,4.0,13.5,8.5,7.9,1.3,0.6,6.6,26.3,,2.2,1.7,3.9,.089,,-0.4,-1.2,-1.6,0.2
29,Matt Barnes\barnema02,SF,36,SAC,54,1367,10.3,.501,.551,.172,4.7,20.4,12.5,16.4,1.3,1.2,16.8,16.4,,0.0,1.1,1.1,.038,,-1.4,0.3,-1.1,0.3
30,Will Barton\bartowi01,SG,26,DEN,45,1309,15.4,.548,.331,.303,4.1,13.6,8.8,17.6,1.4,1.3,12.2,20.6,,1.9,0.5,2.5,.090,,1.3,-1.0,0.3,0.8
31,Brandon Bass\bassbr01,PF,31,LAC,39,459,18.5,.656,.014,.410,7.4,15.4,11.5,6.6,1.1,1.6,12.8,18.9,,1.2,0.4,1.6,.167,,-0.1,-0.7,-0.8,0.1
32,Nicolas Batum\batumni01,SG,28,CHO,56,1952,15.7,.539,.414,.311,2.2,19.4,10.9,26.9,1.5,1.1,15.9,21.6,,1.4,2.5,3.9,.095,,0.7,1.2,2.0,1.9
33,Jerryd Bayless\bayleje01,PG,28,PHI,3,71,8.8,.453,.156,.313,4.6,13.9,9.3,29.8,0.0,0.0,19.8,27.8,,-0.1,0.0,-0.1,-0.064,,-5.1,-2.8,-7.9,-0.1
34,Aron Baynes\baynear01,C,30,DET,56,852,11.1,.554,.000,.375,8.6,19.9,14.2,3.3,0.9,2.2,14.2,13.6,,0.7,1.1,1.8,.103,,-3.5,1.0,-2.5,-0.1
35,Kent Bazemore\bazemke01,SF,27,ATL,57,1555,11.1,.493,.355,.214,2.4,10.4,6.4,14.2,2.3,2.3,13.9,20.5,,-0.8,2.1,1.3,.040,,-2.4,1.2,-1.2,0.3
36,Bradley Beal\bealbr01,SG,23,WAS,53,1832,19.9,.602,.431,.269,2.0,7.5,4.8,17.1,1.5,0.6,9.6,26.4,,4.7,1.3,6.1,.159,,4.5,-2.4,2.1,1.9
37,Malik Beasley\beaslma01,SG,20,DEN,18,88,13.6,.516,.395,.186,2.5,6.4,4.4,10.7,2.2,0.0,7.9,24.2,,0.1,0.0,0.1,.051,,-0.6,-4.5,-5.1,-0.1
38,Michael Beasley\beaslmi01,PF,28,MIL,50,855,17.9,.594,.104,.272,4.8,19.1,12.1,10.0,1.5,2.4,13.4,24.8,,0.8,0.8,1.7,.094,,-1.4,-1.2,-2.6,-0.1
39,Marco Belinelli\belinma01,SG,30,CHO,54,1323,13.0,.567,.467,.233,0.9,10.5,5.7,12.4,1.3,0.5,9.6,18.9,,1.3,1.2,2.4,.089,,0.0,-1.3,-1.3,0.2
40,DeAndre' Bembry\bembrde01,SF,22,ATL,29,286,9.0,.487,.154,.179,3.5,12.5,8.1,10.6,0.9,0.9,10.6,14.4,,0.0,0.3,0.3,.042,,-4.3,-0.4,-4.7,-0.2
41,Dragan Bender\bendedr01,PF,19,PHO,38,481,5.8,.474,.653,.065,3.6,15.7,9.4,4.9,0.9,3.2,17.5,13.6,,-0.4,0.3,-0.1,-0.012,,-3.8,-0.1,-3.9,-0.2
42,Anthony Bennett\bennean01,PF,23,BRK,23,264,14.7,.533,.522,.391,10.1,20.9,15.6,7.1,0.9,0.9,10.0,19.4,,0.3,0.2,0.5,.082,,-0.8,-2.3,-3.2,-0.1
43,Davis Bertans\bertada01,PF,24,SAS,49,564,13.1,.612,.731,.192,3.1,10.4,6.8,9.1,1.3,2.9,11.0,15.2,,0.9,0.8,1.7,.143,,1.5,0.5,2.0,0.6
44,Patrick Beverley\beverpa01,SG,28,HOU,47,1430,13.6,.549,.524,.126,4.7,16.2,10.4,20.4,2.5,1.1,14.6,14.0,,2.2,1.8,4.0,.134,,1.1,1.7,2.7,1.7
45,Bismack Biyombo\biyombi01,C,24,ORL,59,1360,11.9,.539,.000,.707,9.0,25.5,17.0,6.1,0.7,4.5,18.7,13.1,,0.3,1.7,2.1,.073,,-4.5,2.6,-1.9,0.0
46,Nemanja Bjelica\bjeline01,PF,28,MIN,58,1011,10.3,.526,.526,.166,4.7,17.8,11.2,9.1,1.8,1.4,14.3,16.5,,0.3,0.9,1.1,.054,,-1.1,-0.3,-1.4,0.1
47,Tarik Black\blackta01,C,25,LAL,48,779,15.1,.560,.010,.414,14.5,21.1,17.7,6.5,1.1,2.7,14.5,15.9,,1.2,0.6,1.8,.110,,-1.4,-0.1,-1.5,0.1
48,Eric Bledsoe\bledser01,PG,27,PHO,58,1935,21.2,.567,.300,.440,2.8,14.1,8.3,31.6,2.0,1.1,15.0,28.0,,4.2,1.2,5.4,.135,,4.2,-0.4,3.8,2.8
49,Bojan Bogdanovic\bogdabo02,SF,27,TOT,57,1533,13.0,.571,.457,.270,1.6,12.2,7.0,9.9,0.8,0.3,11.9,22.1,,1.1,0.4,1.5,.046,,-0.4,-2.6,-3.0,-0.4
49,Bojan Bogdanovic\bogdabo02,SF,27,BRK,55,1482,13.1,.572,.453,.273,1.7,12.2,7.0,10.1,0.8,0.2,11.8,22.4,,1.1,0.3,1.4,.047,,-0.3,-2.7,-3.0,-0.4
49,Bojan Bogdanovic\bogdabo02,SF,27,WAS,2,51,8.9,.535,.600,.133,0.0,11.0,5.5,5.4,1.9,3.3,15.9,16.3,,0.0,0.1,0.0,.034,,-3.4,0.2,-3.2,0.0
50,Andrew Bogut\bogutan01,C,32,DAL,26,582,9.4,.460,.012,.136,10.5,34.2,21.8,12.3,1.2,3.9,33.4,10.5,,-0.3,1.0,0.7,.057,,-5.6,5.4,-0.2,0.3
51,Joel Bolomboy\bolomjo01,PF,23,UTA,9,20,22.6,.592,.200,.800,6.0,50.2,28.9,8.2,2.6,4.1,12.9,18.2,,0.0,0.1,0.1,.216,,-3.6,4.1,0.5,0.0
52,Devin Booker\bookede01,SG,20,PHO,58,2008,14.2,.531,.286,.289,1.9,7.4,4.5,15.3,1.3,0.6,12.8,27.8,,1.1,0.4,1.5,.037,,0.1,-2.8,-2.7,-0.4
53,Trevor Booker\booketr01,PF,29,BRK,53,1384,16.3,.565,.129,.214,8.5,25.9,17.3,13.5,2.2,1.2,16.5,17.9,,1.1,1.6,2.7,.094,,-1.2,2.0,0.8,1.0
54,Avery Bradley\bradlav01,SG,26,BOS,37,1272,15.6,.562,.348,.116,3.5,18.3,10.9,11.3,2.0,0.5,10.2,22.3,,1.0,1.4,2.4,.089,,0.3,-0.3,0.0,0.6
55,Corey Brewer\breweco01,SF,30,TOT,60,940,7.7,.494,.409,.198,2.6,11.1,6.8,9.0,2.0,0.9,12.5,13.0,,0.1,0.9,1.0,.051,,-2.9,0.0,-2.9,-0.2
55,Corey Brewer\breweco01,SF,30,HOU,58,923,7.6,.491,.414,.194,2.5,11.2,6.8,9.0,2.0,1.0,12.7,13.0,,0.0,0.9,0.9,.048,,-3.0,0.0,-3.0,-0.2
55,Corey Brewer\breweco01,SF,30,LAL,2,17,15.8,.595,.200,.400,6.1,6.6,6.4,8.6,2.9,0.0,0.0,14.8,,0.1,0.0,0.1,.187,,1.6,-1.9,-0.3,0.0
56,Malcolm Brogdon\brogdma01,SG,24,MIL,58,1483,14.2,.546,.297,.218,2.5,9.2,5.9,24.5,2.3,0.4,15.1,18.4,,1.6,1.0,2.7,.087,,0.3,-1.5,-1.2,0.3
57,Aaron Brooks\brookaa01,PG,32,IND,48,663,10.1,.500,.447,.127,2.4,6.3,4.4,22.4,1.6,1.0,17.2,19.6,,-0.2,0.4,0.2,.014,,-1.8,-2.5,-4.3,-0.4
58,Anthony Brown\brownan02,SF,24,TOT,11,159,7.2,.430,.540,.000,5.3,16.9,11.0,7.8,1.5,0.5,10.7,15.6,,-0.2,0.2,0.0,-0.001,,-3.8,-0.5,-4.3,-0.1
58,Anthony Brown\brownan02,SF,24,NOP,9,143,5.9,.415,.585,.000,4.4,14.9,9.6,6.0,1.7,0.6,10.9,14.3,,-0.2,0.1,0.0,-0.011,,-4.4,-0.3,-4.7,-0.1
58,Anthony Brown\brownan02,SF,24,ORL,2,16,18.7,.500,.333,.000,13.4,35.1,24.0,23.4,0.0,0.0,10.0,27.7,,0.0,0.0,0.0,.083,,1.2,-1.5,-0.3,0.0
59,Bobby Brown\brownbo02,PG,32,HOU,18,54,-1.1,.333,.500,.000,0.0,10.3,5.1,5.4,0.0,0.0,6.3,25.2,,-0.2,0.0,-0.2,-0.181,,-9.8,-6.4,-16.2,-0.2
60,Jaylen Brown\brownja02,SF,20,BOS,56,900,10.4,.530,.280,.330,3.9,14.3,9.1,6.4,1.4,1.3,11.5,18.1,,0.2,0.8,1.0,.051,,-3.3,-1.1,-4.4,-0.5
61,Nicolas Brussino\brussni01,SF,23,DAL,37,257,10.9,.493,.689,.148,4.8,15.8,10.0,15.3,2.0,1.7,14.5,14.0,,0.1,0.3,0.4,.071,,-1.8,1.2,-0.6,0.1
62,Reggie Bullock\bullore01,SF,25,DET,15,224,10.4,.517,.485,.061,2.9,12.1,7.4,7.7,1.4,1.1,8.1,14.7,,0.1,0.2,0.3,.072,,-1.5,0.2,-1.3,0.0
63,Trey Burke\burketr01,PG,24,WAS,53,658,10.4,.514,.259,.113,1.2,6.5,3.9,20.7,0.8,0.6,14.6,19.6,,0.1,0.3,0.5,.035,,-2.8,-3.2,-6.0,-0.7
64,Alec Burks\burksal01,SG,25,UTA,23,341,12.0,.534,.317,.358,1.8,11.5,6.8,7.4,1.8,0.7,11.2,22.1,,0.1,0.5,0.5,.077,,-2.3,-0.7,-3.0,-0.1
65,Jimmy Butler\butleji01,SF,27,CHI,53,1949,25.2,.584,.210,.563,4.8,14.0,9.3,23.6,2.5,0.6,9.2,27.1,,7.1,2.3,9.4,.231,,5.9,0.5,6.4,4.1
66,Bruno Caboclo\cabocbr01,SF,21,TOR,8,23,7.9,.300,.600,.000,14.6,14.9,14.8,16.9,4.4,0.0,28.6,13.6,,0.0,0.0,0.0,.005,,-2.2,2.5,0.3,0.0
67,Jose Calderon\caldejo01,PG,35,LAL,24,292,9.1,.508,.442,.052,2.9,12.6,7.6,25.1,1.2,0.3,24.8,15.3,,-0.1,0.1,0.0,.001,,-2.9,-2.2,-5.1,-0.2
68,Kentavious Caldwell-Pope\caldwke01,SG,23,DET,54,1838,14.0,.534,.461,.199,2.5,8.9,5.6,12.4,1.9,0.5,8.2,19.5,,2.0,1.9,3.9,.102,,1.6,0.3,1.9,1.8
69,Isaiah Canaan\canaais01,SG,25,CHI,33,572,8.4,.490,.537,.189,1.1,7.9,4.5,8.9,1.9,0.1,9.7,15.0,,0.1,0.4,0.5,.045,,-1.8,-1.3,-3.1,-0.2
70,Clint Capela\capelca01,C,22,HOU,46,1064,21.2,.644,.000,.312,11.2,24.7,17.9,6.2,1.1,4.9,12.4,19.6,,2.4,1.6,4.0,.180,,-0.4,1.2,0.8,0.7
71,DeMarre Carroll\carrode01,SF,30,TOR,55,1508,12.3,.541,.573,.214,3.6,13.2,8.4,5.3,2.1,1.2,8.0,15.6,,1.6,1.4,3.0,.096,,0.9,0.0,0.9,1.1
72,Vince Carter\cartevi01,SG,40,MEM,52,1252,11.9,.528,.587,.258,2.3,13.1,7.5,11.7,1.7,2.1,7.3,15.4,,1.3,1.6,2.9,.112,,0.0,1.1,1.1,1.0
73,Michael Carter-Williams\cartemi01,PG,25,CHI,27,587,10.6,.460,.213,.280,3.3,19.6,11.3,18.2,1.8,1.5,16.0,20.9,,-0.5,0.7,0.3,.022,,-3.4,0.9,-2.5,-0.1
74,Omri Casspi\casspom01,SF,28,TOT,23,421,11.4,.521,.262,.167,5.8,19.5,12.6,9.7,1.2,0.2,12.3,16.5,,0.1,0.3,0.4,.045,,-2.6,-1.3,-3.8,-0.2
74,Omri Casspi\casspom01,SF,28,SAC,22,397,11.4,.511,.248,.179,5.9,20.4,13.1,10.3,1.3,0.2,11.9,16.3,,0.1,0.3,0.4,.047,,-2.6,-1.0,-3.6,-0.2
74,Omri Casspi\casspom01,SF,28,NOP,1,24,10.0,.667,.444,.000,4.3,4.4,4.4,0.0,0.0,0.0,18.2,20.3,,0.0,0.0,0.0,.011,,-2.5,-6.0,-8.5,0.0
75,Willie Cauley-Stein\caulewi01,C,23,SAC,53,747,16.1,.567,.008,.284,7.8,16.1,11.9,7.4,1.8,3.5,10.9,19.9,,0.8,0.7,1.5,.099,,-2.1,0.2,-1.9,0.0
76,Tyson Chandler\chandty01,C,34,PHO,47,1298,16.8,.703,.000,.544,12.8,33.8,23.0,3.3,1.2,1.5,19.2,11.4,,2.8,1.3,4.1,.151,,-0.7,0.3,-0.4,0.5
77,Wilson Chandler\chandwi01,SF,29,DEN,53,1637,15.2,.536,.328,.197,5.9,18.5,12.1,10.7,1.3,1.0,10.6,22.5,,1.7,0.8,2.5,.073,,0.5,-1.4,-0.8,0.5
78,Marquese Chriss\chrisma01,PF,19,PHO,59,1120,11.1,.501,.345,.265,6.4,14.4,10.3,5.2,2.1,2.6,12.4,19.8,,-0.1,0.9,0.8,.036,,-2.1,-0.3,-2.3,-0.1
79,Rakeem Christmas\chrisra01,PF,25,IND,10,73,16.3,.592,.000,.500,17.2,19.5,18.4,2.0,0.7,6.0,15.4,15.9,,0.1,0.1,0.2,.153,,-2.4,-0.3,-2.6,0.0
80,Semaj Christon\chrisse01,PG,24,OKC,42,614,5.4,.371,.268,.152,2.5,7.8,5.2,20.9,1.1,0.5,15.0,14.3,,-0.6,0.4,-0.2,-0.013,,-5.5,-2.0,-7.5,-0.8
81,Ian Clark\clarkia01,SG,25,GSW,54,762,13.7,.579,.416,.142,2.3,8.6,5.7,11.9,1.9,0.6,10.0,18.7,,0.9,0.9,1.8,.113,,0.1,-1.3,-1.2,0.1
82,Jordan Clarkson\clarkjo01,SG,24,LAL,60,1644,13.3,.525,.310,.155,2.5,9.3,5.7,12.9,2.2,0.3,12.7,23.3,,0.2,0.7,0.9,.025,,-0.7,-2.0,-2.7,-0.3
83,Darren Collison\collida01,PG,29,SAC,52,1606,15.2,.573,.270,.215,1.4,6.6,4.0,22.9,1.7,0.3,11.9,19.6,,2.5,0.7,3.2,.096,,0.9,-2.4,-1.5,0.2
84,Nick Collison\collini01,PF,36,OKC,14,81,9.6,.612,.000,.700,5.5,13.5,9.5,13.4,0.6,1.0,18.7,8.4,,0.1,0.1,0.2,.102,,-3.2,-0.5,-3.8,0.0
85,Mike Conley\conlemi01,PG,29,MEM,48,1570,22.2,.587,.406,.359,1.8,10.9,6.2,34.5,2.1,0.9,11.9,25.9,,4.6,1.9,6.4,.197,,5.6,-0.4,5.2,2.8
86,Pat Connaughton\connapa01,SG,24,POR,27,195,11.6,.605,.410,.231,5.0,12.7,8.8,10.8,1.0,0.8,12.3,11.0,,0.3,0.1,0.4,.094,,-0.9,-1.4,-2.3,0.0
87,Quinn Cook\cookqu01,G,23,DAL,1,17,-6.9,.200,.600,.000,0.0,14.4,6.9,17.0,0.0,0.0,28.6,19.5,,-0.1,0.0,-0.1,-0.302,,-13.2,-2.2,-15.3,-0.1
88,DeMarcus Cousins\couside01,C,26,TOT,58,1979,27.0,.565,.241,.497,7.2,29.2,18.2,28.0,2.1,3.6,13.2,37.2,,4.0,3.0,7.0,.171,,4.7,2.8,7.5,4.7
88,DeMarcus Cousins\couside01,C,26,SAC,55,1891,26.6,.562,.239,.491,7.1,28.9,18.0,27.9,2.0,3.6,13.2,37.5,,3.6,2.8,6.4,.163,,4.5,2.7,7.2,4.4
88,DeMarcus Cousins\couside01,C,26,NOP,3,88,35.5,.644,.286,.667,10.7,36.3,23.3,29.3,4.4,3.7,14.2,31.9,,0.4,0.2,0.6,.346,,7.8,6.0,13.8,0.3
89,Robert Covington\covinro01,SF,26,PHI,53,1666,12.8,.524,.581,.218,5.0,17.3,11.1,8.1,3.1,2.3,14.3,18.8,,-0.3,2.6,2.3,.067,,-0.7,2.3,1.6,1.5
90,Allen Crabbe\crabbal01,SG,24,POR,58,1650,10.5,.591,.437,.220,1.0,9.7,5.3,6.3,1.0,0.5,9.2,14.8,,1.9,0.4,2.2,.065,,-0.3,-1.8,-2.1,0.0
91,Jamal Crawford\crawfja01,SG,36,LAC,59,1573,11.3,.507,.365,.220,1.0,5.8,3.5,16.3,1.4,0.7,12.8,22.9,,-0.1,1.0,0.8,.025,,-1.4,-2.0,-3.4,-0.6
92,Jae Crowder\crowdja01,SF,26,BOS,50,1622,15.2,.617,.562,.271,2.2,16.1,9.2,10.0,1.6,0.9,7.8,16.6,,3.2,1.5,4.7,.140,,2.0,-0.1,1.8,1.6
93,Dante Cunningham\cunnida01,SF,29,NOP,45,1120,8.6,.542,.516,.057,3.3,14.1,8.6,3.8,1.0,1.5,7.7,10.7,,0.5,1.0,1.4,.062,,-2.2,0.5,-1.7,0.1
94,Seth Curry\curryse01,PG,26,DAL,55,1578,15.5,.594,.450,.125,1.6,9.3,5.3,16.6,2.2,0.3,11.2,19.3,,2.2,1.5,3.7,.112,,1.7,-0.1,1.6,1.4
95,Stephen Curry\curryst01,PG,28,GSW,58,1940,23.9,.626,.550,.259,2.2,11.4,7.1,28.9,2.5,0.4,12.8,29.2,,6.2,2.8,9.0,.222,,7.1,-0.7,6.4,4.1
96,Troy Daniels\danietr01,SG,25,MEM,45,775,12.2,.551,.705,.139,1.8,6.9,4.3,6.7,1.2,0.2,7.1,22.1,,0.8,0.6,1.4,.085,,1.3,-3.3,-2.0,0.0
97,Anthony Davis\davisan02,C,23,NOP,56,2031,27.5,.576,.082,.424,6.6,28.0,17.2,11.8,1.7,5.5,9.6,33.0,,4.1,3.8,7.9,.186,,1.3,2.3,3.6,2.9
98,Deyonta Davis\davisde01,C,20,MEM,26,187,11.1,.527,.000,.436,10.0,21.9,15.8,1.7,0.3,7.7,14.7,13.2,,0.1,0.3,0.4,.096,,-5.9,2.2,-3.7,-0.1
99,Ed Davis\davised01,PF,27,POR,46,789,11.4,.563,.000,.570,13.3,20.9,17.0,4.8,0.9,2.3,17.2,11.9,,1.0,0.6,1.6,.096,,-2.3,0.1,-2.2,0.0
100,Dewayne Dedmon\dedmode01,C,27,SAS,52,909,17.7,.657,.000,.373,11.2,31.5,21.6,5.4,1.7,4.1,14.7,12.5,,1.9,2.1,4.0,.213,,-0.7,3.7,3.0,1.1
101,Sam Dekker\dekkesa01,SF,22,HOU,61,1191,13.9,.558,.440,.154,7.7,13.7,10.7,7.9,1.4,1.4,8.4,15.7,,1.8,1.1,2.8,.115,,0.2,-0.6,-0.4,0.5
102,Malcolm Delaney\delanma01,PG,27,ATL,59,1048,8.2,.464,.274,.229,1.1,9.7,5.4,23.4,1.6,0.1,17.8,18.8,,-0.8,1.0,0.2,.010,,-4.2,-1.2,-5.5,-0.9
103,Matthew Dellavedova\dellama01,PG,26,MIL,53,1409,9.4,.483,.398,.196,1.4,7.3,4.4,27.2,1.5,0.0,19.4,15.8,,0.1,0.6,0.7,.023,,-2.0,-2.9,-4.9,-1.0
104,Luol Deng\denglu01,SF,31,LAL,56,1486,10.1,.469,.386,.148,4.4,17.4,10.7,7.2,1.6,1.1,8.7,14.2,,0.1,0.8,0.9,.030,,-2.3,-0.1,-2.4,-0.1
105,DeMar DeRozan\derozde01,SG,27,TOR,53,1886,24.5,.553,.074,.418,3.1,14.1,8.5,19.2,1.6,0.5,8.6,34.6,,5.0,1.5,6.4,.164,,2.3,-1.8,0.5,1.2
106,Cheick Diallo\diallch01,PF,20,NOP,9,94,16.9,.472,.000,.256,13.3,22.6,17.9,5.2,1.6,2.6,4.4,21.4,,0.1,0.1,0.2,.103,,-3.8,-0.8,-4.6,-0.1
107,Boris Diaw\diawbo01,PF,34,UTA,50,894,7.7,.502,.262,.113,3.5,8.9,6.3,18.7,0.8,0.2,22.4,15.7,,-0.4,0.9,0.5,.029,,-3.1,-0.2,-3.4,-0.3
108,Gorgui Dieng\dienggo01,PF,27,MIN,60,1913,14.0,.551,.062,.226,8.2,20.9,14.4,8.4,1.7,2.8,12.6,14.5,,2.2,1.9,4.1,.103,,-0.7,2.0,1.4,1.6
109,Spencer Dinwiddie\dinwisp01,PG,23,BRK,35,757,12.1,.577,.287,.436,1.7,11.6,6.7,20.4,1.2,1.2,15.0,14.3,,1.0,0.3,1.3,.086,,-1.4,-0.7,-2.1,0.0
110,Toney Douglas\douglto01,PG,30,MEM,16,278,11.0,.458,.393,.238,2.8,16.0,9.2,21.6,2.4,1.4,13.9,17.5,,0.0,0.4,0.4,.067,,-2.3,1.4,-0.9,0.1
111,Goran Dragic\dragigo01,PG,30,MIA,52,1774,19.6,.583,.254,.327,2.5,10.1,6.3,30.7,1.6,0.4,15.0,26.7,,3.6,1.7,5.3,.144,,3.5,-0.8,2.6,2.1
112,Andre Drummond\drumman01,C,23,DET,58,1767,21.2,.525,.009,.369,14.4,36.3,25.1,5.4,2.8,3.2,13.1,23.5,,0.9,4.0,4.9,.133,,-2.3,2.9,0.6,1.2
113,Jared Dudley\dudleja01,PF,31,PHO,42,873,11.1,.613,.576,.189,2.5,15.1,8.6,11.4,1.4,0.9,16.1,13.5,,1.0,0.4,1.4,.078,,0.2,-0.4,-0.1,0.4
114,Mike Dunleavy\dunlemi02,SF,36,TOT,42,674,9.6,.579,.626,.195,2.0,12.9,7.6,8.1,0.8,0.5,11.7,13.9,,0.6,0.5,1.1,.079,,-1.1,-1.2,-2.3,-0.1
114,Mike Dunleavy\dunlemi02,SF,36,CLE,23,366,7.6,.539,.633,.211,1.6,12.3,7.1,7.6,0.8,0.4,12.5,13.5,,0.1,0.2,0.4,.049,,-1.9,-1.3,-3.2,-0.1
114,Mike Dunleavy\dunlemi02,SF,36,ATL,19,308,12.0,.624,.619,.179,2.5,13.7,8.2,8.8,0.8,0.5,10.8,14.4,,0.4,0.3,0.7,.115,,-0.2,-1.1,-1.3,0.1
115,Kris Dunn\dunnkr01,PG,22,MIN,56,930,7.9,.431,.234,.238,2.3,13.0,7.6,20.9,2.6,2.3,23.1,14.6,,-1.0,0.9,0.0,-0.001,,-4.1,1.3,-2.9,-0.2
116,Kevin Durant\duranke01,SF,28,GSW,58,1978,27.6,.652,.301,.379,2.3,23.1,13.4,22.6,1.5,3.9,10.3,27.7,,7.8,3.7,11.5,.280,,5.6,2.5,8.1,5.0
117,Henry Ellenson\ellenhe01,PF,20,DET,14,56,6.0,.448,.609,.043,3.9,20.2,11.9,10.5,0.0,0.0,17.6,22.6,,-0.1,0.0,-0.1,-0.064,,-4.9,-2.6,-7.5,-0.1
118,Wayne Ellington\ellinwa01,SG,29,MIA,40,1031,11.7,.541,.664,.098,1.2,7.6,4.4,7.7,1.3,0.3,5.5,18.0,,1.0,0.8,1.8,.086,,1.0,-1.8,-0.8,0.3
119,Monta Ellis\ellismo01,SG,31,IND,52,1415,9.8,.526,.227,.257,0.8,10.7,5.9,18.5,1.6,1.1,19.4,16.3,,-0.3,1.0,0.8,.026,,-2.6,-0.2,-2.8,-0.3
120,Joel Embiid\embiijo01,C,22,PHI,31,786,24.2,.584,.228,.569,8.5,25.5,17.0,16.3,1.7,7.7,17.9,36.1,,0.5,1.5,2.0,.121,,0.2,3.4,3.6,1.1
121,James Ennis\ennisja01,SF,26,MEM,45,1128,11.1,.605,.428,.346,5.8,13.4,9.5,6.1,1.6,1.3,14.6,13.1,,1.3,1.3,2.7,.114,,-0.5,1.2,0.7,0.8
122,Tyler Ennis\ennisty01,PG,22,TOT,32,204,5.5,.461,.269,.045,2.7,8.2,5.4,25.3,1.7,0.0,26.0,19.3,,-0.3,0.1,-0.2,-0.035,,-5.8,-2.7,-8.5,-0.3
122,Tyler Ennis\ennisty01,PG,22,HOU,31,196,4.1,.444,.250,.047,2.3,8.5,5.4,24.5,1.5,0.0,26.9,19.4,,-0.4,0.1,-0.2,-0.058,,-6.7,-2.7,-9.4,-0.4
122,Tyler Ennis\ennisty01,PG,22,LAL,1,8,41.4,.833,.667,.000,13.0,0.0,6.8,45.1,6.1,0.0,0.0,16.0,,0.1,0.0,0.1,.508,,17.2,-1.6,15.6,0.0
123,Tyreke Evans\evansty01,SG,27,TOT,29,547,16.0,.499,.304,.268,1.1,18.5,9.8,30.8,2.2,1.1,13.8,27.1,,-0.1,0.7,0.6,.052,,-0.6,0.2,-0.4,0.2
123,Tyreke Evans\evansty01,SG,27,NOP,26,474,15.9,.491,.308,.256,1.3,17.9,9.6,32.0,2.4,0.7,13.4,27.3,,-0.1,0.6,0.5,.049,,-0.4,0.2,-0.2,0.2
123,Tyreke Evans\evansty01,SG,27,SAC,3,73,16.4,.560,.267,.367,0.0,22.2,11.1,23.1,1.4,3.8,16.7,25.9,,0.0,0.1,0.1,.073,,-2.1,0.3,-1.8,0.0
124,Dante Exum\exumda01,PG,21,UTA,44,806,8.9,.526,.418,.176,2.7,8.9,5.9,14.4,0.9,0.9,16.3,17.9,,0.1,0.9,1.0,.059,,-1.8,-0.3,-2.1,0.0
125,Kenneth Faried\farieke01,PF,27,DEN,49,1078,20.4,.602,.016,.534,15.5,24.1,19.7,5.9,1.6,2.6,11.0,17.4,,2.9,0.9,3.8,.170,,1.1,-0.1,1.1,0.8
126,Jordan Farmar\farmajo01,PG,30,SAC,2,35,14.5,.500,.750,.000,3.3,6.6,5.0,39.1,2.9,0.0,20.0,19.4,,0.0,0.0,0.1,.069,,0.6,-3.8,-3.2,0.0
127,Derrick Favors\favorde01,PF,25,UTA,42,988,15.8,.508,.023,.280,9.0,20.7,15.0,7.6,2.0,3.2,11.6,20.9,,0.3,2.0,2.3,.112,,-2.8,2.8,0.0,0.5
128,Kay Felder\feldeka01,PG,21,CLE,37,353,10.8,.469,.146,.328,1.0,10.0,5.6,20.7,2.2,1.4,14.7,22.9,,-0.2,0.4,0.1,.019,,-4.7,-1.0,-5.7,-0.3
129,Cristiano Felicio\feliccr01,C,24,CHI,50,794,15.7,.589,.000,.480,14.1,19.3,16.7,5.6,1.1,1.2,10.0,12.6,,1.8,0.8,2.6,.158,,-0.1,0.0,-0.1,0.4
130,Raymond Felton\feltora01,PG,32,LAC,57,1284,11.9,.511,.294,.111,2.6,11.7,7.2,17.4,1.9,1.2,13.1,16.9,,0.5,1.3,1.8,.068,,-1.0,0.6,-0.4,0.5
131,Yogi Ferrell\ferreyo01,PG,23,TOT,23,570,12.4,.526,.476,.227,2.3,9.0,5.5,22.4,1.8,0.6,15.4,19.4,,0.3,0.4,0.7,.058,,-0.6,-0.9,-1.5,0.1
131,Yogi Ferrell\ferreyo01,PG,23,BRK,10,151,6.6,.482,.551,.327,2.8,5.5,4.2,16.9,0.6,1.0,20.0,19.8,,-0.2,0.0,-0.2,-0.057,,-4.0,-3.4,-7.4,-0.2
131,Yogi Ferrell\ferreyo01,PG,23,DAL,13,419,14.6,.543,.449,.191,2.1,10.3,6.0,24.4,2.2,0.4,13.5,19.3,,0.5,0.4,0.9,.100,,0.7,-0.1,0.6,0.3
132,Dorian Finney-Smith\finnedo01,PF,23,DAL,58,1197,8.1,.529,.587,.209,3.3,11.9,7.4,5.8,1.6,1.4,12.8,11.2,,0.3,1.1,1.4,.056,,-2.3,1.4,-0.9,0.3
133,Bryn Forbes\forbebr01,SG,23,SAS,20,95,4.7,.440,.500,.036,1.2,8.1,4.8,4.4,0.5,0.0,0.0,13.5,,0.0,0.1,0.1,.039,,-3.1,-2.3,-5.4,-0.1
134,Evan Fournier\fournev01,SG,24,ORL,47,1560,13.3,.540,.353,.293,2.3,8.9,5.5,16.6,1.5,0.2,12.8,23.6,,0.7,0.9,1.6,.050,,0.2,-1.7,-1.5,0.2
135,Randy Foye\foyera01,SG,33,BRK,45,852,6.6,.497,.607,.165,1.0,12.3,6.7,16.0,1.1,0.6,21.0,15.2,,-0.7,0.3,-0.4,-0.023,,-3.6,-1.2,-4.8,-0.6
136,Tim Frazier\fraziti01,PG,26,NOP,44,1076,13.1,.518,.287,.329,2.2,9.8,6.0,33.4,1.7,0.5,18.7,17.8,,0.7,0.9,1.6,.072,,-1.2,-1.2,-2.4,-0.1
137,Channing Frye\fryech01,C,33,CLE,51,963,14.9,.581,.640,.144,3.4,18.1,11.0,5.7,1.0,2.2,8.2,20.2,,1.4,1.0,2.4,.119,,0.6,-1.4,-0.8,0.3
138,Danilo Gallinari\gallida01,SF,28,DEN,47,1594,16.3,.606,.412,.517,1.8,14.7,8.2,9.3,1.0,0.5,8.8,19.6,,4.1,0.4,4.5,.135,,2.3,-2.1,0.2,0.9
139,Langston Galloway\gallola01,PG,25,TOT,57,1135,11.0,.504,.608,.117,1.8,9.6,5.7,9.1,1.7,0.4,5.7,19.3,,0.1,0.9,1.1,.045,,-0.4,-1.8,-2.2,-0.1
139,Langston Galloway\gallola01,PG,25,NOP,55,1120,11.2,.508,.608,.118,1.9,9.6,5.7,9.0,1.7,0.4,5.7,19.5,,0.2,0.9,1.1,.048,,-0.3,-1.8,-2.1,0.0
139,Langston Galloway\gallola01,PG,25,SAC,2,15,-2.9,.000,.667,.000,0.0,7.7,3.9,17.3,0.0,0.0,0.0,9.0,,-0.1,0.0,-0.1,-0.167,,-9.4,-3.5,-12.9,0.0
140,Marc Gasol\gasolma01,C,32,MEM,57,1961,21.3,.562,.228,.302,2.7,18.1,10.2,24.1,1.4,3.9,10.7,26.8,,3.9,2.9,6.8,.166,,2.6,2.3,4.9,3.4
141,Pau Gasol\gasolpa01,C,36,SAS,41,1076,19.4,.568,.125,.276,6.8,27.0,17.2,15.7,0.8,3.6,10.4,20.2,,2.0,2.0,4.0,.180,,0.5,3.1,3.5,1.5
142,Rudy Gay\gayru01,SF,30,SAC,30,1013,18.0,.559,.256,.312,4.0,17.7,10.9,14.1,2.3,2.4,12.8,25.7,,0.9,1.1,2.0,.092,,0.2,0.6,0.8,0.7
143,Michael Gbinije\gbinimi01,SG,24,DET,9,32,-2.1,.184,.400,.200,6.8,3.5,5.2,7.9,0.0,0.0,0.0,15.2,,-0.1,0.0,-0.1,-0.137,,-7.6,-2.7,-10.3,-0.1
144,Alonzo Gee\geeal01,SF,29,DEN,13,89,3.0,.306,.214,.643,4.9,12.6,8.7,8.3,2.7,0.9,18.2,10.4,,-0.1,0.1,-0.1,-0.037,,-5.5,0.8,-4.7,-0.1
145,Paul George\georgpa01,SF,26,IND,53,1869,18.1,.564,.347,.276,2.8,16.4,9.8,15.7,2.2,0.8,13.0,28.0,,1.7,2.0,3.6,.094,,1.7,-0.5,1.3,1.5
146,Jonathan Gibson\gibsojo01,PG,29,DAL,17,231,9.7,.492,.474,.305,0.5,11.2,5.6,18.8,1.8,0.0,16.3,26.4,,-0.3,0.2,-0.1,-0.026,,-3.2,-2.2,-5.4,-0.2
147,Taj Gibson\gibsota01,PF,31,TOT,57,1544,15.5,.543,.022,.219,8.4,19.3,13.8,6.5,0.9,2.6,11.4,19.3,,1.4,1.7,3.2,.099,,-1.9,0.3,-1.6,0.2
147,Taj Gibson\gibsota01,PF,31,CHI,55,1502,15.7,.549,.023,.225,8.5,19.3,13.8,6.5,0.9,2.7,11.7,19.1,,1.5,1.7,3.2,.103,,-1.7,0.4,-1.3,0.3
147,Taj Gibson\gibsota01,PF,31,OKC,2,42,7.6,.393,.000,.091,5.3,18.2,11.8,3.8,1.2,0.0,4.2,24.1,,-0.1,0.0,0.0,-0.028,,-8.7,-4.3,-12.9,-0.1
148,Manu Ginobili\ginobma01,SG,39,SAS,51,946,14.4,.534,.515,.261,2.6,11.1,7.0,19.7,3.2,1.2,15.2,20.4,,0.7,1.7,2.4,.120,,0.8,1.4,2.2,1.0
149,Rudy Gobert\goberru01,C,24,UTA,59,1980,22.1,.673,.002,.857,13.8,29.8,22.1,5.1,1.1,6.1,16.4,16.2,,5.5,4.6,10.1,.244,,0.7,4.6,5.4,3.7
150,Archie Goodwin\goodwar01,SG,22,NOP,3,30,19.7,.798,.400,2.000,0.0,0.0,0.0,4.6,0.0,2.7,0.0,13.9,,0.2,0.0,0.2,.288,,2.2,-4.1,-1.9,0.0
151,Aaron Gordon\gordoaa01,SF,21,ORL,58,1601,12.9,.506,.337,.246,5.2,13.4,9.2,11.3,1.3,1.3,8.9,19.6,,0.7,1.3,2.0,.059,,-0.9,-0.4,-1.2,0.3
152,Eric Gordon\gordoer01,SG,28,HOU,55,1672,14.2,.565,.654,.163,1.2,8.2,4.7,13.9,1.0,1.3,10.1,23.5,,2.1,1.0,3.2,.091,,1.7,-2.8,-1.1,0.4
153,Marcin Gortat\gortama01,C,32,WAS,57,1962,15.9,.604,.002,.233,10.6,26.3,18.6,6.5,0.8,2.5,13.6,14.5,,3.3,2.6,5.9,.145,,-0.6,1.7,1.1,1.5
154,Treveon Graham\grahatr01,SG,23,CHO,19,113,7.0,.580,.444,.556,1.9,12.3,7.1,6.2,0.9,0.0,8.2,9.6,,0.1,0.1,0.2,.087,,-2.9,-1.1,-4.0,-0.1
155,Jerami Grant\grantje01,SF,22,TOT,58,1230,10.5,.561,.322,.466,2.3,12.0,7.2,4.0,1.1,4.2,9.1,12.1,,1.0,1.4,2.5,.096,,-3.0,1.0,-2.0,0.0
155,Jerami Grant\grantje01,SF,22,PHI,2,41,3.3,.390,.118,.471,0.0,18.8,9.4,0.0,0.0,7.8,12.8,24.9,,-0.2,0.1,-0.1,-0.138,,-13.9,-2.4,-16.3,-0.1
155,Jerami Grant\grantje01,SF,22,OKC,56,1189,10.7,.573,.336,.466,2.4,11.8,7.1,4.1,1.1,4.1,8.9,11.7,,1.2,1.4,2.6,.104,,-2.6,1.1,-1.5,0.2
156,Jerian Grant\grantje02,PG,24,CHI,48,785,11.6,.543,.427,.282,1.6,9.1,5.3,14.1,2.3,0.6,12.7,16.2,,0.7,0.8,1.5,.090,,-0.7,-0.6,-1.3,0.1
157,Danny Green\greenda02,SG,29,SAS,50,1329,10.9,.569,.711,.055,1.6,11.9,6.9,9.3,2.1,2.4,13.5,13.1,,0.7,2.2,2.9,.105,,0.6,2.5,3.0,1.7
158,Draymond Green\greendr01,PF,26,GSW,56,1826,16.8,.528,.407,.330,4.8,21.3,13.6,27.8,3.1,3.5,20.2,15.7,,2.3,4.0,6.4,.167,,0.7,5.1,5.9,3.6
159,Gerald Green\greenge01,SG,31,BOS,36,410,12.4,.512,.453,.144,4.1,13.7,8.9,11.3,0.9,1.0,7.7,22.7,,0.2,0.3,0.5,.053,,-1.4,-2.9,-4.3,-0.2
160,JaMychal Green\greenja01,PF,26,MEM,58,1659,12.9,.587,.288,.356,8.6,21.0,14.6,6.7,1.2,1.7,14.4,14.2,,2.2,2.3,4.5,.131,,-0.7,1.6,0.9,1.2
161,Jeff Green\greenje02,SF,30,ORL,58,1341,10.2,.503,.357,.321,2.6,12.2,7.3,7.9,1.2,0.7,10.9,20.1,,-0.2,0.9,0.7,.024,,-2.8,-1.5,-4.3,-0.8
162,Blake Griffin\griffbl01,PF,27,LAC,39,1314,24.0,.558,.067,.433,7.1,21.1,14.3,26.4,1.6,1.2,10.4,29.5,,3.4,1.6,5.1,.185,,3.4,1.7,5.1,2.3
163,Justin Hamilton\hamilju01,C,26,BRK,50,977,13.0,.535,.502,.112,6.8,17.3,12.1,7.1,1.2,3.1,10.2,15.5,,0.6,0.7,1.4,.067,,-1.3,0.4,-0.9,0.3
164,A.J. Hammons\hammoaj01,C,24,DAL,17,77,9.8,.455,.273,.455,7.2,23.9,15.2,4.1,0.0,7.0,10.2,18.1,,-0.1,0.1,0.0,.018,,-6.7,1.1,-5.5,-0.1
165,Tim Hardaway\hardati02,SG,24,ATL,57,1439,14.3,.551,.476,.209,1.5,9.5,5.5,13.6,1.2,0.7,9.0,22.5,,1.3,1.3,2.6,.088,,0.6,-1.8,-1.2,0.3
166,James Harden\hardeja01,PG,27,HOU,61,2227,27.3,.613,.486,.589,3.5,21.2,12.3,50.7,2.0,1.0,19.7,34.1,,8.8,2.8,11.6,.251,,8.5,1.5,10.0,6.7
167,Maurice Harkless\harklma01,SF,23,POR,54,1579,13.2,.559,.337,.166,6.1,11.8,8.9,5.3,2.0,2.6,11.0,16.2,,1.3,1.2,2.5,.076,,-0.3,0.5,0.2,0.9
168,Montrezl Harrell\harremo01,PF,23,HOU,49,903,19.4,.659,.010,.336,8.8,13.4,11.1,10.5,1.0,3.1,10.6,17.8,,2.6,0.9,3.5,.186,,1.0,0.2,1.2,0.7
169,Devin Harris\harride01,PG,33,DAL,42,705,12.0,.521,.512,.371,1.4,13.1,7.0,17.1,1.9,0.4,12.1,18.9,,0.4,0.7,1.1,.073,,-1.2,-0.4,-1.5,0.1
170,Gary Harris\harriga01,SG,22,DEN,35,1013,16.2,.590,.391,.207,3.3,8.8,6.0,12.9,2.0,0.5,9.7,19.4,,2.0,0.3,2.4,.112,,2.6,-1.8,0.8,0.7
171,Joe Harris\harrijo01,SG,25,BRK,50,1107,9.3,.562,.605,.139,1.4,12.0,6.8,7.5,1.3,0.5,12.6,16.5,,0.2,0.4,0.6,.028,,-1.4,-1.5,-2.9,-0.2
172,Tobias Harris\harrito02,PF,24,DET,59,1873,16.5,.574,.298,.203,2.0,16.1,8.9,8.3,1.1,1.3,8.4,21.8,,2.7,2.1,4.7,.122,,0.8,0.1,0.9,1.4
173,Aaron Harrison\harriaa01,SG,22,CHO,5,17,-2.1,.102,.500,.500,0.0,18.8,9.5,22.8,0.0,0.0,0.0,12.8,,-0.1,0.0,0.0,-0.137,,-9.4,-1.7,-11.1,0.0
174,Andrew Harrison\harrian01,SG,22,MEM,54,1165,8.7,.473,.438,.551,1.8,8.3,5.0,20.2,2.0,1.5,15.8,16.2,,0.0,1.4,1.4,.058,,-2.4,0.3,-2.1,0.0
175,Udonis Haslem\hasleud01,C,36,MIA,16,129,8.8,.542,.091,.682,6.8,23.0,14.9,6.5,2.0,0.6,21.9,12.6,,0.0,0.2,0.2,.074,,-4.6,1.3,-3.4,0.0
176,Spencer Hawes\hawessp01,PF,28,CHO,35,626,14.7,.545,.252,.156,5.5,19.4,12.5,16.3,1.0,3.6,14.7,19.5,,0.3,0.9,1.2,.092,,-1.7,1.6,-0.1,0.3
177,Gordon Hayward\haywago01,SF,26,UTA,52,1806,23.1,.604,.327,.425,2.3,16.0,9.4,18.3,1.4,0.6,9.2,27.7,,5.8,2.6,8.4,.222,,4.6,0.2,4.9,3.1
178,Gerald Henderson\hendege02,SG,29,PHI,54,1312,11.8,.552,.292,.306,1.8,9.8,5.8,11.0,1.2,0.7,9.3,17.9,,1.2,0.9,2.1,.077,,-1.3,-1.1,-2.4,-0.1
179,John Henson\hensojo01,C,26,MIL,48,963,14.6,.553,.004,.381,8.2,20.8,14.6,8.0,1.3,5.7,13.7,16.5,,0.9,1.2,2.1,.104,,-2.6,2.2,-0.4,0.4
180,Juan Hernangomez\hernaju01,PF,21,DEN,42,522,14.2,.588,.470,.351,6.7,18.9,12.8,5.3,1.8,1.8,8.8,13.7,,0.9,0.4,1.3,.117,,0.3,-0.7,-0.5,0.2
181,Willy Hernangomez\hernawi01,C,22,NYK,52,852,18.6,.583,.045,.287,13.2,26.9,20.0,10.4,1.3,2.8,17.0,18.4,,1.3,1.0,2.3,.129,,-0.7,0.7,0.0,0.4
182,Mario Hezonja\hezonma01,SF,21,ORL,43,515,6.7,.460,.451,.092,2.1,14.4,8.1,10.1,1.5,1.3,16.9,19.8,,-1.0,0.4,-0.5,-0.047,,-5.2,-0.9,-6.2,-0.5
183,Roy Hibbert\hibbero01,C,30,CHO,42,671,13.4,.613,.000,.521,8.6,15.8,12.2,4.5,0.6,5.6,14.9,13.8,,1.0,0.9,1.9,.136,,-2.8,2.1,-0.7,0.2
184,Buddy Hield\hieldbu01,SG,23,TOT,60,1240,10.1,.509,.508,.082,1.6,13.6,7.6,10.2,0.8,0.5,9.8,20.5,,-0.5,0.9,0.4,.015,,-2.0,-2.0,-4.0,-0.6
184,Buddy Hield\hieldbu01,SG,23,NOP,57,1161,9.9,.502,.511,.070,1.7,13.4,7.5,10.5,0.8,0.5,9.0,20.4,,-0.4,0.8,0.4,.015,,-1.9,-2.0,-3.9,-0.5
184,Buddy Hield\hieldbu01,SG,23,SAC,3,79,12.5,.619,.464,.286,0.0,17.6,8.8,6.4,1.3,0.0,20.2,22.6,,0.0,0.0,0.0,.013,,-3.1,-3.2,-6.3,-0.1
185,Nene Hilario\hilarne01,C,34,HOU,51,878,17.7,.628,.026,.570,8.3,16.8,12.5,7.9,2.2,3.1,14.4,19.1,,1.6,1.2,2.9,.156,,-0.9,1.1,0.2,0.5
186,George Hill\hillge01,PG,30,UTA,34,1082,20.2,.606,.398,.338,2.0,10.0,6.1,22.0,1.7,0.7,10.0,23.9,,3.1,1.5,4.6,.203,,4.4,-0.1,4.3,1.7
187,Jordan Hill\hilljo01,C,29,MIN,5,40,5.8,.421,.000,.182,20.0,17.7,18.8,0.0,1.3,0.0,20.2,16.5,,0.0,0.0,0.0,-0.009,,-6.7,-6.0,-12.7,-0.1
188,Solomon Hill\hillso01,SF,25,NOP,58,1661,8.0,.538,.571,.274,1.9,11.7,6.7,8.4,1.5,1.2,13.8,11.0,,0.4,1.5,1.9,.055,,-1.9,1.2,-0.7,0.5
189,Darrun Hilliard\hillida01,SG,23,DET,27,290,3.5,.413,.375,.250,0.7,9.8,5.1,11.1,1.2,0.3,15.8,19.5,,-0.6,0.3,-0.4,-0.062,,-6.0,-1.3,-7.3,-0.4
190,Jrue Holiday\holidjr01,PG,26,NOP,45,1466,17.3,.538,.300,.218,2.6,10.7,6.6,37.4,2.3,1.5,17.9,24.5,,0.8,1.6,2.4,.079,,1.4,0.2,1.6,1.3
191,Justin Holiday\holidju01,SG,27,NYK,60,1171,12.3,.542,.532,.185,2.1,13.7,7.9,8.2,2.1,1.6,10.7,16.8,,0.8,0.9,1.7,.071,,-0.5,-0.6,-1.1,0.3
192,Rondae Hollis-Jefferson\holliro01,SF,22,BRK,54,1181,12.7,.521,.148,.504,4.6,20.6,12.7,14.4,2.1,1.7,16.9,18.3,,0.1,1.2,1.3,.052,,-3.3,1.6,-1.7,0.1
193,Richaun Holmes\holmeri01,C,23,PHI,34,564,17.6,.580,.148,.295,10.3,18.5,14.4,8.3,1.7,4.8,11.6,18.0,,0.8,0.8,1.6,.138,,-0.9,2.2,1.3,0.5
194,Rodney Hood\hoodro01,SG,24,UTA,42,1193,12.5,.523,.467,.164,1.1,12.9,7.2,11.0,1.1,0.6,8.5,23.0,,0.6,1.5,2.1,.084,,-0.1,-0.7,-0.9,0.3
195,Al Horford\horfoal01,C,30,BOS,48,1574,16.8,.534,.339,.152,4.3,18.1,11.3,23.4,1.1,3.7,11.5,20.3,,2.0,1.7,3.8,.115,,0.6,1.8,2.4,1.8
196,Danuel House\houseda01,SG,23,WAS,1,1,12.3,,,,0.0,100.0,56.5,0.0,0.0,0.0,,0.0,,0.0,0.0,0.0,.175,,-16.6,-4.3,-20.8,0.0
197,Dwight Howard\howardw01,C,31,ATL,54,1583,21.7,.632,.005,.676,16.0,31.8,24.1,6.7,1.4,3.6,16.2,18.9,,3.3,3.2,6.5,.197,,-0.1,2.4,2.4,1.7
198,Marcelo Huertas\huertma01,PG,33,LAL,23,237,9.1,.417,.279,.250,0.9,10.4,5.5,31.4,2.1,0.7,20.1,17.0,,-0.2,0.1,-0.1,-0.023,,-4.5,-2.4,-6.9,-0.3
199,Josh Huestis\huestjo01,PF,25,OKC,1,7,61.8,.875,.500,.000,31.6,31.2,31.4,37.1,0.0,11.3,0.0,24.3,,0.1,0.0,0.1,.647,,25.2,6.1,31.3,0.1
200,Kris Humphries\humphkr01,PF,31,ATL,45,532,14.7,.552,.252,.380,9.6,22.0,15.9,6.3,1.0,2.5,11.2,17.6,,0.7,0.8,1.4,.130,,-2.2,0.1,-2.1,0.0
201,R.J. Hunter\hunterj01,SG,23,CHI,3,9,-3.2,.000,1.000,.000,0.0,12.3,6.0,0.0,0.0,0.0,0.0,4.8,,0.0,0.0,0.0,-0.093,,-9.2,-2.3,-11.5,0.0
202,Serge Ibaka\ibakase01,PF,27,TOT,59,1816,17.4,.569,.306,.128,6.1,18.5,12.2,5.7,1.0,4.2,8.2,20.9,,2.3,2.0,4.3,.114,,0.0,0.5,0.5,1.1
202,Serge Ibaka\ibakase01,PF,27,ORL,56,1710,17.6,.569,.304,.129,6.3,18.5,12.3,5.9,1.0,4.3,8.2,21.0,,2.2,1.9,4.1,.115,,0.1,0.6,0.7,1.2
202,Serge Ibaka\ibakase01,PF,27,TOR,3,106,14.6,.561,.341,.098,4.2,18.3,11.2,3.0,1.4,2.5,8.6,19.7,,0.1,0.1,0.2,.100,,-1.2,-1.5,-2.7,0.0
203,Andre Iguodala\iguodan01,SF,33,GSW,57,1466,13.0,.593,.454,.211,3.3,13.1,8.5,16.7,1.8,1.4,12.3,10.2,,2.6,2.0,4.6,.150,,0.8,1.7,2.6,1.7
204,Ersan Ilyasova\ilyaser01,PF,29,TOT,59,1567,14.8,.545,.462,.217,5.5,18.8,12.1,11.1,1.2,0.8,10.1,23.2,,1.2,1.5,2.7,.084,,0.5,-1.2,-0.7,0.5
204,Ersan Ilyasova\ilyaser01,PF,29,OKC,3,62,6.9,.469,.750,.000,3.6,24.7,14.2,2.3,2.4,1.3,20.0,13.7,,-0.1,0.1,0.0,.012,,-5.8,-0.4,-6.2,-0.1
204,Ersan Ilyasova\ilyaser01,PF,29,PHI,53,1447,15.4,.553,.460,.219,5.4,18.5,11.9,11.6,1.1,0.8,9.9,23.7,,1.4,1.4,2.7,.091,,1.0,-1.2,-0.2,0.7
204,Ersan Ilyasova\ilyaser01,PF,29,ATL,3,58,7.3,.388,.333,.292,9.6,20.5,15.1,7.7,0.9,1.5,10.0,22.7,,-0.1,0.1,0.0,-0.020,,-5.9,-1.5,-7.5,-0.1
205,Joe Ingles\inglejo01,SF,29,UTA,59,1298,13.0,.621,.614,.162,1.1,13.8,7.7,16.4,2.8,0.3,17.5,13.6,,1.6,2.2,3.8,.141,,1.1,2.2,3.2,1.7
206,Brandon Ingram\ingrabr01,SF,19,LAL,60,1678,7.4,.457,.304,.325,2.7,13.3,7.8,10.0,0.8,1.3,12.6,15.8,,-0.9,0.4,-0.5,-0.013,,-3.5,-0.9,-4.4,-1.0
207,Kyrie Irving\irvinky01,PG,24,CLE,52,1826,22.1,.570,.314,.222,2.3,7.8,5.1,30.3,1.7,0.7,11.0,30.4,,4.9,1.3,6.2,.164,,4.3,-1.9,2.4,2.0
208,Jarrett Jack\jackja01,PG,33,NOP,1,25,9.5,.773,.333,.667,0.0,0.0,0.0,22.5,2.0,0.0,34.0,10.4,,0.0,0.0,0.0,.088,,-4.3,-6.0,-10.4,-0.1
209,Demetrius Jackson\jacksde01,PG,22,BOS,5,17,31.2,.753,.250,1.500,13.2,13.2,13.2,28.2,0.0,0.0,0.0,17.4,,0.1,0.0,0.1,.387,,9.5,-3.0,6.4,0.0
210,Pierre Jackson\jackspi01,PG,25,DAL,8,84,13.3,.416,.282,.179,1.3,11.7,6.3,38.0,1.2,0.0,6.7,25.4,,0.0,0.1,0.0,.026,,-1.6,-2.7,-4.2,0.0
211,Reggie Jackson\jacksre01,PG,26,DET,38,1077,15.5,.523,.287,.224,1.6,7.3,4.4,31.1,1.4,0.2,14.2,26.2,,0.8,0.9,1.8,.078,,1.1,-1.8,-0.7,0.4
212,LeBron James\jamesle01,SF,32,CLE,54,2026,26.3,.618,.249,.392,3.5,19.1,11.6,41.7,1.8,1.3,17.0,29.4,,6.9,2.4,9.3,.220,,6.3,1.8,8.1,5.1
213,Al Jefferson\jeffeal01,C,32,IND,57,832,19.4,.534,.002,.188,9.2,23.2,16.3,11.3,1.0,1.6,5.8,26.0,,1.3,0.9,2.2,.126,,-1.0,-1.6,-2.5,-0.1
214,Richard Jefferson\jefferi01,SF,36,CLE,57,1136,7.8,.559,.533,.331,2.2,10.9,6.7,6.6,0.7,0.4,12.1,12.2,,0.8,0.6,1.5,.061,,-1.5,-0.9,-2.5,-0.1
215,John Jenkins\jenkijo01,SG,25,PHO,4,13,17.6,.595,.400,.400,0.0,8.8,4.3,11.7,0.0,0.0,0.0,19.1,,0.0,0.0,0.0,.173,,1.5,-5.5,-4.0,0.0
216,Brandon Jennings\jennibr01,PG,27,NYK,58,1428,12.7,.508,.466,.315,1.6,9.7,5.7,28.3,1.9,0.3,18.0,17.9,,0.9,0.6,1.5,.052,,-0.3,-2.1,-2.4,-0.1
217,Jonas Jerebko\jerebjo01,PF,29,BOS,59,981,9.5,.547,.493,.118,5.4,17.6,11.5,7.5,1.3,1.3,13.3,11.7,,0.6,0.9,1.6,.077,,-2.0,0.3,-1.7,0.1
218,Amir Johnson\johnsam01,PF,29,BOS,59,1160,14.9,.621,.167,.264,8.7,17.6,13.1,13.0,1.4,3.0,15.2,13.6,,2.2,1.3,3.5,.145,,-0.1,1.9,1.8,1.1
219,Brice Johnson\johnsbr02,PF,22,LAC,1,3,-13.6,.000,.000,.000,37.7,36.2,36.9,0.0,0.0,0.0,50.0,29.6,,0.0,0.0,0.0,-0.584,,-26.0,-8.6,-34.6,0.0
220,James Johnson\johnsja01,PF,29,MIA,55,1457,16.3,.566,.345,.274,3.7,16.8,10.2,20.4,1.7,3.2,17.5,21.6,,1.1,2.2,3.2,.107,,0.2,2.1,2.4,1.6
221,Joe Johnson\johnsjo02,SF,35,UTA,58,1310,12.1,.541,.409,.125,2.1,12.7,7.6,12.2,1.0,0.6,10.0,17.8,,1.1,1.6,2.7,.097,,-0.4,0.1,-0.4,0.5
222,Stanley Johnson\johnsst04,SF,20,DET,55,914,8.8,.485,.400,.187,2.8,12.4,7.5,10.9,2.1,1.7,15.9,14.1,,-0.3,1.2,0.9,.046,,-2.8,2.0,-0.8,0.3
223,Tyler Johnson\johnsty01,PG,24,MIA,52,1587,16.2,.531,.304,.314,2.5,12.7,7.6,16.8,2.0,1.8,7.5,20.4,,2.4,2.1,4.4,.134,,0.9,1.0,2.0,1.6
224,Wesley Johnson\johnswe01,SF,29,LAC,51,657,9.8,.467,.570,.103,4.3,22.3,13.5,4.4,2.0,3.1,8.0,12.7,,-0.1,1.0,1.0,.070,,-2.8,1.8,-1.0,0.2
225,Nikola Jokic\jokicni01,C,21,DEN,52,1393,25.7,.634,.155,.265,12.6,24.5,18.5,26.9,1.4,2.4,14.5,22.7,,5.3,1.1,6.4,.220,,6.1,1.7,7.8,3.4
226,Damian Jones\jonesda03,C,21,GSW,8,45,5.9,.571,.000,.857,15.7,11.4,13.4,0.0,1.1,3.5,34.2,14.0,,0.0,0.1,0.0,.030,,-6.0,-1.8,-7.8,-0.1
227,Derrick Jones\jonesde02,SF,19,PHO,9,48,16.8,.771,.000,.273,6.7,4.8,5.8,9.7,1.0,3.4,24.5,14.4,,0.1,0.0,0.1,.114,,-0.3,-0.5,-0.8,0.0
228,James Jones\jonesja02,SF,36,CLE,37,265,14.6,.773,.754,.215,0.9,8.9,5.0,4.4,0.7,2.4,9.0,13.0,,0.7,0.2,0.9,.159,,2.2,-1.6,0.6,0.2
229,Terrence Jones\joneste01,PF,25,NOP,51,1264,16.3,.519,.154,.348,5.4,20.0,12.6,7.5,1.5,3.4,7.9,21.4,,0.5,1.7,2.3,.086,,-2.6,1.0,-1.6,0.1
230,Tyus Jones\jonesty01,PG,20,MIN,38,471,13.7,.530,.487,.261,1.7,8.0,4.8,27.0,2.8,0.4,14.6,14.1,,0.7,0.3,1.0,.105,,0.1,-1.9,-1.8,0.0
231,DeAndre Jordan\jordade01,C,28,LAC,59,1858,21.0,.666,.002,.715,12.9,34.7,24.1,5.6,1.0,4.3,14.7,15.3,,4.6,3.3,8.0,.206,,0.4,2.9,3.3,2.5
232,Cory Joseph\josepco01,SG,25,TOR,58,1346,13.1,.511,.169,.209,2.8,10.0,6.4,18.5,1.7,0.3,11.1,18.3,,1.3,0.9,2.2,.079,,-0.6,-1.0,-1.6,0.1
233,Frank Kaminsky\kaminfr01,C,23,CHO,57,1456,13.0,.492,.427,.185,3.4,16.2,9.9,13.6,1.5,1.6,8.1,21.7,,0.1,1.8,1.9,.061,,-1.0,0.1,-0.9,0.4
234,Enes Kanter\kanteen01,C,24,OKC,49,1058,24.1,.609,.065,.386,13.5,20.9,17.2,8.9,1.0,2.4,12.5,26.4,,3.0,1.3,4.3,.195,,1.1,-1.3,-0.2,0.5
235,Ryan Kelly\kellyry01,PF,25,ATL,10,50,11.4,.460,.500,.200,0.0,21.6,11.0,13.7,3.9,3.4,15.5,11.3,,0.0,0.1,0.1,.096,,-4.5,4.6,0.1,0.0
236,Michael Kidd-Gilchrist\kiddgmi01,SF,23,CHO,58,1721,13.3,.507,.020,.318,7.5,20.2,13.9,7.3,1.4,2.9,7.8,14.3,,1.5,2.5,4.0,.112,,-2.6,2.5,-0.1,0.8
237,Sean Kilpatrick\kilpase01,SG,27,BRK,57,1477,12.2,.539,.411,.313,1.3,15.1,8.3,14.4,1.3,0.3,15.0,24.0,,-0.2,0.7,0.4,.014,,-1.8,-1.7,-3.5,-0.6
238,Brandon Knight\knighbr03,SG,25,PHO,54,1140,12.6,.502,.265,.293,2.3,9.6,5.8,18.0,1.1,0.4,12.9,25.2,,0.2,0.2,0.5,.020,,-1.5,-3.0,-4.5,-0.7
239,Kyle Korver\korveky01,SG,35,TOT,54,1464,12.4,.641,.678,.083,0.5,11.0,5.9,9.8,1.1,1.0,12.2,14.9,,1.9,1.3,3.2,.105,,0.9,-0.6,0.2,0.8
239,Kyle Korver\korveky01,SG,35,ATL,32,894,11.0,.594,.649,.110,0.1,10.8,5.5,12.5,1.2,1.2,13.5,14.5,,0.7,0.9,1.6,.086,,-0.4,0.0,-0.4,0.4
239,Kyle Korver\korveky01,SG,35,CLE,22,570,14.6,.709,.718,.045,1.2,11.2,6.4,5.6,0.9,0.7,10.4,15.6,,1.2,0.4,1.6,.133,,2.8,-1.6,1.2,0.5
240,Kosta Koufos\koufoko01,C,27,SAC,60,1156,14.2,.587,.003,.180,9.8,23.3,16.6,5.1,1.4,3.1,14.0,14.5,,1.2,1.3,2.5,.103,,-2.4,0.8,-1.6,0.1
241,Mindaugas Kuzminskas\kuzmimi01,SF,27,NYK,50,717,11.9,.521,.476,.173,4.8,8.5,6.6,10.1,1.7,1.0,11.4,18.5,,0.5,0.3,0.8,.051,,-0.4,-2.1,-2.5,-0.1
242,Skal Labissiere\labissk01,PF,20,SAC,11,103,19.0,.554,.029,.382,15.8,22.5,19.1,6.4,2.0,0.9,11.2,19.6,,0.2,0.1,0.3,.137,,-1.3,-1.5,-2.8,0.0
243,Jeremy Lamb\lambje01,SG,24,CHO,39,689,16.1,.532,.311,.298,3.0,23.7,13.4,11.0,0.9,1.6,6.8,24.0,,0.6,0.9,1.5,.105,,-1.4,-1.0,-2.4,-0.1
244,Nicolas Laprovittola\laproni01,PG,27,SAS,18,174,8.4,.579,.574,.191,0.7,5.7,3.3,22.7,1.2,0.5,27.2,18.1,,0.0,0.2,0.2,.043,,-2.3,-2.5,-4.9,-0.1
245,Joffrey Lauvergne\lauvejo01,C,25,TOT,51,741,12.8,.529,.318,.237,7.6,19.6,13.6,10.4,1.1,0.6,12.6,17.7,,0.6,0.8,1.4,.091,,-2.0,-1.1,-3.1,-0.2
245,Joffrey Lauvergne\lauvejo01,C,25,OKC,50,739,12.9,.531,.320,.238,7.6,19.5,13.6,10.4,1.1,0.6,12.6,17.7,,0.6,0.8,1.4,.092,,-1.9,-1.1,-3.0,-0.2
245,Joffrey Lauvergne\lauvejo01,C,25,CHI,1,2,-23.3,.000,.000,.000,0.0,55.2,27.1,0.0,0.0,0.0,0.0,21.8,,0.0,0.0,0.0,-0.415,,-27.0,-8.6,-35.6,0.0
246,Zach LaVine\lavinza01,SG,21,MIN,47,1749,14.7,.576,.437,.197,1.2,9.6,5.3,12.8,1.2,0.5,9.9,21.7,,2.7,0.6,3.3,.090,,2.2,-2.3,-0.1,0.8
247,Ty Lawson\lawsoty01,PG,29,SAC,54,1343,13.9,.523,.244,.333,3.3,9.0,6.2,28.5,2.3,0.3,17.7,18.8,,1.0,0.9,1.9,.066,,-0.7,-1.3,-2.0,0.0
248,Jake Layman\laymaja01,SF,22,POR,25,155,7.2,.454,.684,.228,1.4,8.7,5.0,6.6,1.9,1.1,8.7,19.4,,-0.1,0.1,-0.1,-0.019,,-2.9,-3.1,-6.0,-0.2
249,Courtney Lee\leeco01,SG,31,NYK,55,1731,12.1,.569,.406,.111,2.5,8.8,5.6,9.7,1.5,0.8,7.6,13.7,,2.5,0.6,3.1,.085,,0.8,-0.8,0.0,0.9
250,David Lee\leeda02,PF,33,SAS,57,1059,18.6,.615,.000,.278,11.3,22.7,17.1,13.4,1.1,1.9,14.6,16.9,,2.4,1.8,4.2,.190,,0.9,2.2,3.1,1.4
251,Alex Len\lenal01,C,23,PHO,56,1110,14.3,.548,.016,.431,10.4,26.1,18.0,4.2,0.9,5.2,16.5,17.3,,0.7,1.2,1.9,.082,,-3.6,1.2,-2.4,-0.1
252,Kawhi Leonard\leonaka01,SF,25,SAS,53,1766,28.0,.617,.290,.420,4.1,15.3,9.9,17.7,2.7,1.7,9.1,31.1,,6.7,3.2,10.0,.271,,6.5,1.2,7.7,4.3
253,Meyers Leonard\leoname01,PF,24,POR,50,817,8.3,.488,.573,.127,2.7,19.6,11.0,7.8,0.4,2.1,8.4,16.5,,0.0,0.4,0.5,.029,,-2.7,-1.6,-4.3,-0.5
254,Jon Leuer\leuerjo01,PF,27,DET,53,1446,15.5,.584,.284,.186,5.4,18.1,11.6,9.4,0.8,1.1,9.0,17.1,,2.6,1.6,4.1,.136,,0.7,0.7,1.5,1.3
255,Caris LeVert\leverca01,SF,22,BRK,33,669,11.0,.531,.531,.260,1.8,12.6,7.2,13.8,2.2,0.6,13.8,16.2,,0.2,0.4,0.6,.042,,-1.5,-0.3,-1.9,0.0
256,DeAndre Liggins\liggide01,SG,28,CLE,47,653,7.9,.498,.370,.261,2.1,10.5,6.4,9.4,3.0,1.7,19.4,11.1,,-0.2,0.8,0.7,.048,,-3.1,2.2,-0.9,0.2
257,Damian Lillard\lillada01,PG,26,POR,53,1901,22.4,.574,.375,.364,2.0,13.3,7.6,28.0,1.0,0.6,10.4,30.8,,5.4,0.7,6.1,.153,,5.3,-2.5,2.9,2.3
258,Jeremy Lin\linje01,PG,28,BRK,14,330,19.6,.569,.366,.303,0.6,12.3,6.5,40.0,2.4,1.6,17.4,25.2,,0.4,0.3,0.7,.102,,1.7,-1.1,0.6,0.2
259,Shaun Livingston\livinsh01,PG,31,GSW,54,934,10.0,.572,.004,.185,2.4,9.3,6.1,12.7,1.3,1.0,14.9,13.3,,0.7,1.0,1.7,.088,,-2.4,0.1,-2.3,-0.1
260,Kevon Looney\looneke01,C,20,GSW,45,404,14.5,.610,.089,.356,10.5,18.8,14.9,8.0,1.5,3.1,11.1,12.4,,0.8,0.7,1.5,.181,,-0.4,1.8,1.4,0.3
261,Brook Lopez\lopezbr01,C,28,BRK,53,1567,20.8,.576,.330,.325,5.6,12.5,9.1,16.2,0.9,4.5,11.9,29.1,,2.4,1.0,3.4,.105,,2.1,-0.2,1.9,1.5
262,Robin Lopez\lopezro01,C,28,CHI,59,1651,15.0,.511,.002,.142,12.7,13.7,13.2,5.3,0.3,4.3,9.4,16.8,,1.7,1.6,3.3,.096,,-1.4,0.8,-0.6,0.6
263,Kevin Love\loveke01,PF,28,CLE,46,1466,22.0,.582,.455,.366,8.9,28.8,19.2,9.6,1.4,0.9,11.0,26.7,,3.5,2.0,5.6,.183,,2.3,-0.8,1.5,1.3
264,Kyle Lowry\lowryky01,PG,30,TOR,56,2111,23.1,.624,.510,.395,2.5,11.9,7.2,29.2,1.9,0.7,13.4,24.9,,7.7,1.7,9.4,.214,,7.4,-0.8,6.5,4.5
265,John Lucas III\lucasjo02,PG,34,MIN,5,11,9.2,.250,.250,.000,0.0,0.0,0.0,12.6,9.2,0.0,0.0,16.1,,0.0,0.0,0.0,-0.026,,-6.1,0.6,-5.5,0.0
266,Timothe Luwawu-Cabarrot\luwawti01,SF,21,PHI,46,540,5.8,.522,.362,.461,2.4,10.6,6.5,9.1,0.9,0.9,19.5,16.9,,-0.3,0.4,0.0,.001,,-4.7,-1.3,-6.1,-0.6
267,Trey Lyles\lylestr01,PF,21,UTA,57,1043,11.2,.481,.474,.178,5.1,18.0,11.7,10.3,1.3,1.3,11.9,22.0,,-0.4,1.6,1.2,.054,,-2.1,0.3,-1.8,0.0
268,Shelvin Mack\macksh01,PG,26,UTA,46,983,10.1,.509,.317,.172,2.0,9.6,5.9,21.5,1.9,0.1,19.6,19.7,,-0.4,1.3,0.9,.042,,-2.2,0.1,-2.1,0.0
269,Ian Mahinmi\mahinia01,C,30,WAS,7,90,6.0,.517,.000,1.727,5.1,17.4,11.3,1.4,2.7,2.8,26.6,12.9,,-0.1,0.1,0.0,.023,,-6.7,1.6,-5.1,-0.1
270,Thon Maker\makerth01,PF,19,MIL,33,255,15.1,.599,.447,.318,7.4,16.9,12.2,3.6,1.2,4.2,8.5,18.7,,0.4,0.3,0.7,.127,,-0.2,-1.8,-1.9,0.0
271,Boban Marjanovic\marjabo01,C,28,DET,23,159,24.7,.532,.000,.397,20.4,32.1,26.1,5.1,0.6,4.2,8.1,24.4,,0.4,0.3,0.7,.200,,-1.5,-0.7,-2.2,0.0
272,Jarell Martin\martija01,PF,22,MEM,40,538,7.8,.469,.181,.333,7.6,25.6,16.3,2.0,1.4,1.4,14.1,16.1,,-0.3,0.8,0.6,.050,,-6.3,-0.6,-6.9,-0.7
273,Wesley Matthews\matthwe02,SG,30,DAL,56,1974,12.9,.548,.560,.221,0.7,11.8,6.0,11.7,1.6,0.5,9.1,20.2,,1.4,1.7,3.1,.075,,0.7,-0.3,0.5,1.2
274,Luc Mbah a Moute\mbahalu01,PF,30,LAC,57,1284,9.8,.567,.304,.237,3.3,7.9,5.7,2.4,2.4,1.8,10.5,11.5,,0.8,1.3,2.1,.078,,-1.1,1.6,0.5,0.8
275,James Michael McAdoo\mcadoja01,PF,24,GSW,32,294,12.1,.560,.039,.237,8.0,11.1,9.7,5.4,1.3,4.6,12.5,14.0,,0.2,0.4,0.7,.106,,-2.6,1.6,-1.0,0.1
276,Patrick McCaw\mccawpa01,SG,21,GSW,49,615,8.0,.530,.578,.150,1.9,7.2,4.7,9.1,1.2,1.5,12.3,12.5,,0.2,0.6,0.8,.065,,-1.8,-0.6,-2.4,-0.1
277,Sheldon McClellan\mcclesh01,SG,24,WAS,26,249,9.8,.492,.406,.328,1.8,11.7,6.8,8.0,1.6,0.7,3.9,13.5,,0.2,0.2,0.4,.082,,-2.3,-1.0,-3.3,-0.1
278,C.J. McCollum\mccolcj01,SG,25,POR,58,2007,20.2,.586,.325,.213,2.6,9.2,5.8,18.5,1.5,1.4,10.4,28.1,,4.3,0.8,5.1,.123,,3.6,-2.2,1.4,1.7
279,T.J. McConnell\mccontj01,PG,24,PHI,58,1452,13.4,.508,.101,.157,2.0,11.3,6.6,37.1,2.9,0.4,22.7,13.9,,1.0,1.7,2.6,.086,,-2.2,0.0,-2.1,0.0
280,Chris McCullough\mcculch01,PF,21,BRK,14,72,16.8,.541,.194,.097,13.3,11.6,12.4,4.9,0.7,2.1,5.8,20.3,,0.1,0.0,0.1,.090,,-0.9,-3.0,-4.0,0.0
281,K.J. McDaniels\mcdankj01,SF,23,TOT,30,214,9.9,.552,.397,.147,3.1,12.4,7.8,2.7,1.4,3.0,12.1,16.4,,0.0,0.2,0.3,.057,,-3.8,-1.1,-4.9,-0.1
281,K.J. McDaniels\mcdankj01,SF,23,HOU,29,212,10.0,.552,.397,.147,3.1,12.6,7.8,2.7,1.4,3.1,12.1,16.5,,0.0,0.2,0.3,.058,,-3.7,-1.1,-4.9,-0.1
281,K.J. McDaniels\mcdankj01,SF,23,BRK,1,2,0.0,,,,0.0,0.0,0.0,0.0,0.0,0.0,,0.0,,0.0,0.0,0.0,-0.019,,-6.7,-0.1,-6.9,0.0
282,Doug McDermott\mcderdo01,SF,25,TOT,46,1120,11.2,.550,.395,.179,1.5,12.1,6.7,6.4,0.5,0.3,7.6,17.5,,1.2,0.6,1.8,.078,,-0.9,-2.3,-3.2,-0.3
282,Doug McDermott\mcderdo01,SF,25,CHI,44,1078,11.5,.555,.399,.180,1.4,11.9,6.5,6.5,0.5,0.3,7.4,17.5,,1.2,0.6,1.8,.082,,-0.6,-2.3,-2.9,-0.3
282,Doug McDermott\mcderdo01,SF,25,OKC,2,42,3.4,.388,.250,.167,5.3,18.2,11.8,3.3,0.0,0.0,13.4,15.0,,-0.1,0.0,0.0,-0.041,,-8.0,-3.3,-11.2,-0.1
283,JaVale McGee\mcgeeja01,C,29,GSW,54,517,22.9,.638,.018,.326,14.6,20.4,17.7,3.7,1.1,5.5,11.1,23.9,,1.1,1.0,2.1,.195,,-0.4,-0.5,-0.9,0.1
284,Rodney McGruder\mcgruro01,SG,25,MIA,56,1455,9.1,.508,.477,.161,5.4,8.8,7.1,7.9,1.4,0.7,9.5,11.9,,1.0,1.3,2.3,.075,,-0.8,0.7,-0.1,0.7
285,Ben McLemore\mclembe01,SG,23,SAC,45,834,9.0,.530,.431,.160,2.0,8.0,5.0,7.0,1.4,0.6,12.0,18.5,,-0.1,0.3,0.2,.013,,-2.3,-2.5,-4.8,-0.6
286,Jordan McRae\mcraejo01,SG,25,CLE,37,384,9.7,.488,.340,.227,1.8,9.5,5.7,7.4,1.0,1.3,7.8,20.5,,0.0,0.3,0.2,.029,,-3.6,-2.4,-6.1,-0.4
287,Josh McRoberts\mcrobjo01,PF,29,MIA,22,381,9.8,.439,.263,.076,6.6,14.7,10.6,19.1,1.3,0.8,15.9,16.9,,-0.2,0.4,0.3,.033,,-2.9,0.5,-2.4,0.0
288,Jodie Meeks\meeksjo01,SG,29,ORL,24,520,13.5,.574,.530,.250,0.6,11.0,5.7,10.9,2.7,0.3,11.4,18.0,,0.5,0.5,1.0,.089,,-0.1,-0.5,-0.7,0.2
289,Salah Mejri\mejrisa01,C,30,DAL,53,695,14.6,.672,.022,.391,12.0,29.1,20.2,2.4,2.0,6.6,22.9,9.5,,1.0,1.4,2.4,.164,,-3.5,4.5,1.0,0.5
290,Jordan Mickey\mickejo01,PF,22,BOS,18,119,10.3,.508,.032,.323,11.3,15.1,13.2,6.2,0.8,2.1,18.4,16.3,,0.0,0.1,0.1,.037,,-4.8,-0.8,-5.6,-0.1
291,Khris Middleton\middlkh01,SG,25,MIL,6,132,14.1,.522,.184,.347,0.9,14.6,7.9,22.8,2.3,0.7,12.4,22.0,,0.1,0.1,0.2,.085,,-1.5,-1.3,-2.8,0.0
292,C.J. Miles\milescj01,SF,29,IND,54,1243,13.9,.598,.623,.141,1.5,12.6,7.2,3.7,1.4,1.6,5.7,18.4,,1.8,1.0,2.7,.105,,1.4,-1.9,-0.5,0.5
293,Mike Miller\millemi01,SF,36,DEN,15,83,8.4,.672,.857,.143,2.6,24.4,13.4,18.8,0.6,0.0,37.7,12.1,,0.0,0.0,0.0,.022,,-2.4,-1.6,-4.0,0.0
294,Patty Mills\millspa02,PG,28,SAS,57,1208,16.1,.589,.538,.132,1.7,7.8,4.8,23.9,2.0,0.0,13.6,20.4,,2.1,1.5,3.7,.146,,2.9,-1.3,1.5,1.1
295,Paul Millsap\millspa01,PF,31,ATL,56,1899,18.1,.536,.256,.393,5.3,19.8,12.7,17.8,2.1,2.3,11.7,24.3,,2.1,3.1,5.2,.132,,0.6,2.3,3.0,2.4
296,Nikola Mirotic\mirotni01,PF,25,CHI,50,1144,12.8,.517,.601,.230,3.5,22.0,12.6,6.0,1.6,2.6,11.1,19.3,,0.3,1.6,1.9,.079,,-1.3,0.1,-1.2,0.2
297,Greg Monroe\monrogr01,C,26,MIL,57,1252,22.0,.574,.004,.362,10.7,24.3,17.6,16.5,2.9,2.0,13.7,23.9,,2.3,1.9,4.1,.158,,0.8,1.7,2.5,1.4
298,E'Twaun Moore\mooreet01,SG,27,NOP,53,1309,12.3,.537,.335,.107,2.1,7.2,4.7,13.9,1.5,1.5,9.5,17.9,,0.7,1.0,1.8,.064,,-0.9,-0.6,-1.4,0.2
299,Marcus Morris\morrima03,SF,27,DET,58,1924,12.8,.514,.365,.176,3.2,13.1,8.0,9.6,1.2,0.7,7.7,20.1,,1.2,1.9,3.1,.078,,0.0,0.1,0.1,1.0
300,Markieff Morris\morrima02,PF,27,WAS,55,1757,14.2,.540,.222,.264,5.3,18.5,12.0,8.2,1.9,1.4,12.2,21.3,,1.1,2.2,3.4,.092,,-1.3,0.4,-0.8,0.5
301,Anthony Morrow\morroan01,SG,31,OKC,40,627,9.1,.493,.536,.117,1.9,3.1,2.5,4.5,1.6,0.3,2.9,16.3,,0.4,0.4,0.9,.065,,-1.7,-3.0,-4.8,-0.4
302,Donatas Motiejunas\motiedo01,PF,26,NOP,22,351,9.7,.520,.368,.414,5.3,17.3,11.2,11.8,1.8,1.6,19.6,16.1,,-0.1,0.4,0.3,.040,,-3.3,1.1,-2.2,0.0
303,Timofey Mozgov\mozgoti01,C,30,LAL,53,1089,12.2,.548,.003,.234,9.9,16.2,12.9,5.9,0.7,2.2,16.3,16.8,,0.6,0.5,1.1,.048,,-2.8,-0.8,-3.6,-0.4
304,Emmanuel Mudiay\mudiaem01,PG,20,DEN,45,1242,10.3,.472,.327,.296,2.3,11.8,7.0,21.5,1.5,0.7,16.7,22.4,,-0.5,0.4,-0.1,-0.005,,-2.1,-1.7,-3.8,-0.6
305,Shabazz Muhammad\muhamsh01,SF,24,MIN,56,1084,14.4,.570,.261,.315,5.8,11.1,8.4,3.8,0.7,0.3,7.5,20.2,,1.8,0.3,2.1,.094,,-0.2,-3.8,-4.0,-0.6
306,Dejounte Murray\murrade01,PG,20,SAS,33,254,9.3,.509,.192,.253,2.3,11.3,6.9,21.1,1.2,1.6,23.6,25.6,,-0.4,0.3,-0.1,-0.018,,-5.1,-0.7,-5.9,-0.2
307,Jamal Murray\murraja01,SG,19,DEN,59,1176,10.8,.501,.476,.173,3.1,11.1,7.0,12.7,1.2,1.3,12.6,21.2,,0.2,0.3,0.5,.021,,-1.0,-2.4,-3.4,-0.4
308,Mike Muscala\muscami01,C,25,ATL,53,1011,14.8,.596,.319,.215,6.9,14.0,10.5,10.9,1.2,3.1,12.6,15.1,,1.5,1.3,2.8,.133,,-0.2,1.6,1.3,0.8
309,Larry Nance Jr.\nancela02,PF,24,LAL,41,908,15.6,.576,.059,.215,8.5,19.1,13.6,10.2,2.6,2.5,13.7,13.0,,1.3,0.9,2.2,.116,,-0.5,2.3,1.8,0.9
310,Shabazz Napier\napiesh01,PG,25,POR,34,281,13.4,.530,.604,.236,1.2,11.2,6.1,18.9,3.3,0.3,16.4,21.9,,0.0,0.2,0.2,.042,,-0.6,-1.8,-2.4,0.0
311,Maurice Ndour\ndourma01,PF,24,NYK,22,149,10.8,.518,.125,.250,6.5,13.7,10.1,1.0,2.7,1.1,10.1,14.3,,0.1,0.1,0.2,.065,,-3.7,-1.6,-5.3,-0.1
312,Gary Neal\nealga01,SG,32,ATL,2,18,-4.2,.228,.286,.571,0.0,6.0,3.0,7.0,0.0,0.0,0.0,21.3,,-0.1,0.0,-0.1,-0.193,,-11.7,-4.9,-16.6,-0.1
313,Jameer Nelson\nelsoja01,PG,34,DEN,59,1557,11.7,.545,.439,.094,1.6,8.7,5.1,26.8,1.4,0.3,16.9,16.2,,1.8,0.3,2.1,.065,,0.5,-2.6,-2.1,0.0
314,Raul Neto\netora01,PG,24,UTA,29,213,9.7,.527,.356,.068,0.6,10.0,5.4,14.9,3.0,0.0,15.3,15.8,,0.0,0.3,0.4,.081,,-2.3,0.7,-1.6,0.0
315,Georges Niang\niangge01,PF,23,IND,22,90,0.0,.285,.333,.056,2.5,17.1,10.0,7.8,1.7,0.0,11.9,20.8,,-0.4,0.1,-0.3,-0.179,,-9.9,-2.3,-12.2,-0.2
316,Andrew Nicholson\nichoan01,PF,27,WAS,28,231,6.4,.425,.208,.156,5.4,11.1,8.3,4.2,2.4,2.2,11.8,17.7,,-0.3,0.3,0.0,-0.006,,-5.5,-0.1,-5.6,-0.2
317,Joakim Noah\noahjo01,C,31,NYK,46,1015,15.2,.495,.005,.390,16.8,25.4,21.1,13.9,1.5,2.9,19.8,12.4,,1.1,1.1,2.2,.106,,-0.6,2.8,2.2,1.1
318,Nerlens Noel\noelne01,C,22,TOT,31,619,20.2,.631,.005,.360,9.3,19.4,14.3,8.6,3.5,3.7,12.9,17.5,,1.2,1.1,2.3,.181,,-0.1,3.5,3.5,0.9
318,Nerlens Noel\noelne01,C,22,PHI,29,564,20.8,.634,.006,.360,9.0,19.1,14.0,9.2,3.6,3.7,12.5,17.8,,1.1,1.1,2.2,.187,,0.3,3.7,4.0,0.9
318,Nerlens Noel\noelne01,C,22,DAL,2,55,13.4,.588,.000,.364,12.2,22.3,17.0,2.8,1.9,3.3,19.0,13.6,,0.1,0.1,0.1,.121,,-3.9,1.8,-2.1,0.0
319,Lucas Nogueira\noguelu01,C,24,TOR,51,1058,15.8,.701,.060,.444,8.5,16.6,12.5,5.3,2.3,7.2,20.0,9.5,,1.8,1.7,3.6,.161,,0.2,5.3,5.5,2.0
320,Steve Novak\novakst01,PF,33,MIL,8,22,1.3,.357,.857,.000,0.0,15.4,7.9,0.0,0.0,0.0,0.0,14.3,,0.0,0.0,0.0,-0.076,,-6.6,-6.9,-13.4,-0.1
321,Dirk Nowitzki\nowitdi01,PF,38,DAL,33,863,17.0,.513,.312,.177,2.1,27.3,14.1,10.9,1.5,2.6,6.0,25.6,,0.3,1.2,1.6,.087,,-1.7,0.7,-1.0,0.2
322,Jusuf Nurkic\nurkiju01,C,22,TOT,48,884,15.2,.519,.000,.370,11.9,23.8,17.8,11.5,1.8,3.3,19.3,22.4,,-0.2,0.9,0.7,.035,,-3.1,1.0,-2.0,0.0
322,Jusuf Nurkic\nurkiju01,C,22,DEN,45,807,14.9,.515,.000,.379,12.2,23.7,17.9,11.0,1.5,3.4,19.1,22.5,,-0.2,0.7,0.5,.029,,-3.2,0.8,-2.4,-0.1
322,Jusuf Nurkic\nurkiju01,C,22,POR,3,77,18.8,.567,.000,.269,8.5,24.8,16.5,16.6,4.5,3.2,21.6,21.1,,0.0,0.1,0.2,.106,,-2.0,4.1,2.1,0.1
323,Johnny O'Bryant\obryajo01,PF,23,DEN,7,46,14.5,.597,.200,.267,11.9,14.7,13.3,6.3,0.0,1.7,15.2,18.1,,0.1,0.0,0.1,.093,,-0.7,-3.3,-4.0,0.0
324,Kyle O'Quinn\oquinky01,PF,26,NYK,58,898,21.1,.556,.033,.186,14.4,24.6,19.5,13.3,1.7,7.2,14.6,18.6,,1.5,1.4,2.9,.154,,-0.1,3.9,3.8,1.3
325,Daniel Ochefu\ochefda01,C,23,WAS,14,48,3.4,.415,.000,.125,4.8,30.3,17.6,5.9,1.0,0.0,15.1,18.2,,-0.1,0.1,0.0,-0.037,,-9.0,-1.6,-10.6,-0.1
326,Jahlil Okafor\okafoja01,C,21,PHI,41,942,14.8,.543,.000,.355,7.9,15.1,11.5,8.3,0.7,3.5,12.7,23.2,,0.3,0.9,1.2,.062,,-3.1,0.0,-3.1,-0.3
327,Victor Oladipo\oladivi01,SG,24,OKC,48,1616,14.0,.537,.387,.167,1.9,12.4,7.2,11.9,1.8,0.8,9.5,21.0,,1.5,1.7,3.2,.095,,-0.1,-0.8,-1.0,0.4
328,Kelly Olynyk\olynyke01,C,25,BOS,53,1124,15.1,.607,.412,.232,4.8,20.6,12.7,14.1,1.6,1.5,14.7,18.6,,1.5,1.3,2.8,.120,,0.3,0.4,0.7,0.8
329,Arinze Onuaku\onuakar01,C,29,ORL,8,28,5.8,.500,.000,.000,7.7,16.1,11.8,10.0,0.0,2.9,33.3,9.5,,0.0,0.0,0.0,.000,,-6.5,0.9,-5.6,0.0
330,Chinanu Onuaku\onuakch01,C,20,HOU,2,10,37.3,1.042,.000,1.000,11.0,22.2,16.6,15.8,4.8,0.0,0.0,12.3,,0.1,0.0,0.1,.524,,10.6,2.1,12.7,0.0
331,Kelly Oubre\oubreke01,SF,21,WAS,55,1123,8.6,.512,.462,.213,4.0,14.0,9.1,4.0,1.8,0.7,9.1,14.2,,0.4,1.2,1.5,.066,,-1.9,-0.4,-2.4,-0.1
332,Zaza Pachulia\pachuza01,C,32,GSW,47,879,16.7,.609,.000,.503,13.0,21.7,17.6,13.7,2.4,2.2,19.6,14.5,,1.9,1.7,3.6,.195,,0.4,3.4,3.7,1.3
333,Georgios Papagiannis\papagge01,C,19,SAC,6,26,9.0,.750,.000,.000,4.5,17.8,11.1,0.0,0.0,3.6,20.0,8.7,,0.0,0.0,0.0,.067,,-5.2,-2.7,-7.9,0.0
334,Jabari Parker\parkeja01,PF,21,MIL,51,1728,19.0,.563,.219,.268,5.4,15.3,10.4,14.0,1.5,1.1,9.2,26.1,,2.8,1.3,4.1,.113,,1.7,-1.5,0.2,1.0
335,Tony Parker\parketo01,PG,34,SAS,45,1171,14.2,.526,.111,.194,0.9,7.2,4.1,28.8,1.0,0.1,11.4,19.9,,1.6,1.2,2.8,.114,,-0.4,-2.0,-2.4,-0.1
336,Chandler Parsons\parsoch01,SF,28,MEM,29,563,8.2,.440,.413,.185,0.6,13.9,7.1,13.0,1.6,0.7,8.1,17.9,,-0.3,0.6,0.3,.030,,-3.4,-0.2,-3.7,-0.2
337,Lamar Patterson\pattela01,SG,25,ATL,5,40,-1.8,.276,.400,.200,2.8,16.2,9.6,20.9,1.2,0.0,19.7,22.2,,-0.2,0.0,-0.1,-0.179,,-9.8,-1.2,-11.1,-0.1
338,Patrick Patterson\pattepa01,PF,27,TOR,43,1143,10.6,.524,.675,.157,4.7,17.3,10.9,7.1,1.4,1.3,9.0,12.6,,1.1,1.0,2.1,.088,,0.5,0.4,0.9,0.8
339,Chris Paul\paulch01,PG,31,LAC,38,1186,26.6,.600,.391,.359,2.5,16.5,9.6,49.7,3.5,0.3,14.0,24.0,,4.9,1.8,6.6,.269,,7.8,1.4,9.2,3.4
340,Adreian Payne\paynead01,PF,25,MIN,12,92,14.3,.526,.256,.385,7.4,17.9,12.6,6.9,2.8,3.8,13.3,25.3,,0.0,0.1,0.2,.081,,-2.4,-0.4,-2.8,0.0
341,Cameron Payne\payneca01,PG,22,TOT,21,332,6.3,.416,.414,.030,0.7,9.9,5.3,18.2,1.5,1.2,12.4,19.7,,-0.4,0.3,-0.1,-0.015,,-4.7,-2.1,-6.8,-0.4
341,Cameron Payne\payneca01,PG,22,OKC,20,320,6.1,.402,.400,.031,0.7,9.9,5.3,18.4,1.5,1.2,11.4,19.7,,-0.4,0.3,-0.1,-0.017,,-4.9,-2.0,-6.9,-0.4
341,Cameron Payne\payneca01,PG,22,CHI,1,12,12.5,1.000,1.000,.000,0.0,9.2,4.5,13.3,0.0,0.0,40.0,18.1,,0.0,0.0,0.0,.038,,1.0,-4.5,-3.4,0.0
342,Elfrid Payton\paytoel01,PG,22,ORL,60,1740,15.6,.507,.191,.225,3.1,11.7,7.3,32.1,1.9,1.3,14.4,21.9,,0.9,1.5,2.5,.068,,-0.1,0.0,-0.1,0.8
343,Paul Pierce\piercpa01,SF,39,LAC,13,153,4.6,.529,.659,.244,0.0,12.8,6.5,1.8,1.0,1.6,15.0,15.5,,-0.1,0.1,0.0,.006,,-3.8,-1.5,-5.3,-0.1
344,Marshall Plumlee\plumlma02,C,24,NYK,8,65,8.6,.678,.000,1.500,13.2,14.8,14.0,7.9,0.8,2.5,37.6,7.0,,0.1,0.0,0.1,.069,,-2.0,0.7,-1.3,0.0
345,Mason Plumlee\plumlma01,C,26,TOT,58,1612,18.6,.553,.013,.524,8.4,23.3,15.8,21.5,1.6,3.2,14.3,18.1,,2.8,1.7,4.5,.135,,0.2,2.6,2.8,2.0
345,Mason Plumlee\plumlma01,C,26,POR,54,1516,18.8,.552,.011,.507,8.6,23.2,15.8,21.6,1.6,3.4,14.1,18.2,,2.7,1.6,4.3,.137,,0.2,2.8,3.0,1.9
345,Mason Plumlee\plumlma01,C,26,DEN,4,96,14.9,.576,.045,.864,5.7,25.8,15.6,19.2,1.5,0.8,16.5,16.0,,0.1,0.1,0.2,.104,,-1.0,0.3,-0.6,0.0
346,Miles Plumlee\plumlmi01,C,28,TOT,37,377,8.7,.519,.000,.443,8.3,13.3,10.8,7.4,1.6,2.8,20.9,14.3,,-0.1,0.4,0.3,.036,,-4.2,0.5,-3.7,-0.2
346,Miles Plumlee\plumlmi01,C,28,MIL,32,310,8.0,.492,.000,.515,8.7,11.0,9.9,8.1,1.8,2.6,20.9,15.3,,-0.1,0.3,0.1,.017,,-4.4,0.2,-4.1,-0.2
346,Miles Plumlee\plumlmi01,C,28,CHO,5,67,11.9,.727,.000,.000,6.5,23.9,15.3,4.6,0.7,3.8,21.4,9.3,,0.1,0.1,0.2,.124,,-3.6,1.8,-1.7,0.0
347,Jakob Poeltl\poeltja01,C,21,TOR,34,352,9.6,.512,.000,.508,13.4,15.6,14.5,3.5,1.6,2.2,16.2,10.9,,0.3,0.4,0.7,.092,,-1.9,0.6,-1.3,0.1
348,Otto Porter\porteot01,SF,23,WAS,57,1939,17.7,.645,.439,.148,4.4,17.6,11.1,6.5,2.2,1.4,5.8,15.2,,4.8,2.6,7.4,.183,,3.0,1.1,4.1,3.0
349,Bobby Portis\portibo01,PF,21,CHI,41,507,13.7,.535,.235,.200,9.5,20.7,15.0,6.8,0.7,0.9,10.6,17.8,,0.5,0.5,1.0,.097,,-1.6,-1.6,-3.1,-0.1
350,Kristaps Porzingis\porzikr01,PF,21,NYK,50,1635,17.3,.549,.332,.256,5.4,17.6,11.5,6.4,1.1,4.8,9.7,24.0,,2.0,1.5,3.4,.101,,0.2,-0.2,0.0,0.8
351,Dwight Powell\poweldw01,C,25,DAL,58,1038,18.9,.592,.094,.378,8.5,19.6,13.8,6.8,2.8,2.9,6.1,15.8,,2.4,1.7,4.1,.191,,-0.1,2.9,2.7,1.2
352,Norman Powell\powelno01,SG,23,TOR,56,965,13.1,.542,.326,.275,2.1,11.8,6.9,8.9,2.1,1.1,11.2,19.5,,0.7,0.9,1.6,.079,,-0.9,-0.9,-1.8,0.1
353,Ronnie Price\pricero01,PG,33,PHO,2,7,18.8,1.500,1.000,.000,0.0,0.0,0.0,0.0,6.9,0.0,50.0,12.1,,0.0,0.0,0.0,.077,,4.2,1.1,5.3,0.0
354,Tim Quarterman\quartti01,SG,22,POR,13,44,19.5,.731,.462,.000,5.0,10.2,7.5,29.0,1.1,3.7,23.5,16.9,,0.1,0.0,0.1,.158,,2.0,-1.5,0.5,0.0
355,Chasson Randle\randlch01,PG,23,PHI,8,74,17.8,.671,.577,.462,0.0,7.4,3.7,13.3,2.0,1.1,8.8,20.1,,0.2,0.1,0.3,.201,,2.7,-2.6,0.1,0.0
356,Julius Randle\randlju01,PF,22,LAL,52,1469,15.4,.532,.050,.368,6.8,25.1,15.7,20.1,1.2,1.2,16.9,21.8,,0.9,1.1,2.0,.064,,-1.4,0.7,-0.7,0.5
357,Zach Randolph\randoza01,PF,35,MEM,52,1267,19.1,.496,.098,.191,11.3,27.9,19.3,13.5,1.1,0.6,8.2,28.9,,0.9,1.8,2.8,.105,,-1.1,-0.4,-1.5,0.2
358,J.J. Redick\redicjj01,SG,32,LAC,56,1598,14.1,.585,.530,.199,0.8,7.6,4.3,7.4,1.3,0.4,9.2,22.1,,2.0,1.0,3.0,.089,,1.7,-2.3,-0.6,0.6
359,Willie Reed\reedwi02,C,26,MIA,50,735,17.5,.582,.015,.296,13.6,22.2,17.9,3.6,0.8,3.7,8.4,15.1,,1.5,1.1,2.6,.170,,-1.4,0.6,-0.8,0.2
360,Josh Richardson\richajo01,SG,23,MIA,31,911,9.1,.475,.463,.106,1.8,9.9,5.8,13.4,1.4,1.2,11.1,18.4,,-0.3,0.9,0.6,.031,,-1.8,-0.1,-1.9,0.0
361,Malachi Richardson\richama01,SG,21,SAC,22,198,9.6,.517,.412,.279,1.8,11.7,6.7,8.8,1.3,0.5,9.5,19.3,,0.0,0.1,0.1,.033,,-2.7,-3.0,-5.7,-0.2
362,Austin Rivers\riverau01,SG,24,LAC,57,1612,12.0,.547,.402,.250,1.2,6.7,4.0,15.9,1.3,0.5,11.9,20.2,,1.3,1.0,2.2,.067,,0.3,-1.7,-1.4,0.3
363,Andre Roberson\roberan03,SF,25,OKC,59,1804,9.4,.505,.413,.244,4.2,14.4,9.3,4.4,1.8,2.5,9.1,10.4,,0.6,2.3,3.0,.079,,-2.4,1.8,-0.5,0.7
364,Brian Roberts\roberbr01,PG,31,CHO,23,179,11.0,.513,.340,.511,1.8,10.1,6.0,23.7,0.6,0.0,14.8,16.9,,0.1,0.1,0.3,.068,,-2.8,-2.8,-5.5,-0.2
365,Glenn Robinson\robingl02,SF,23,IND,58,1252,11.0,.562,.353,.214,4.7,13.9,9.4,4.8,1.3,1.2,9.5,12.7,,1.0,0.9,2.0,.076,,-1.1,-0.3,-1.4,0.2
366,Thomas Robinson\robinth01,PF,25,LAL,35,391,17.0,.521,.000,.314,16.8,27.2,21.8,9.1,2.5,1.9,16.7,17.6,,0.3,0.5,0.8,.094,,-1.8,0.9,-0.9,0.1
367,Sergio Rodriguez\rodrise01,PG,30,PHI,54,1219,10.8,.480,.476,.048,1.4,10.6,6.0,35.5,1.6,0.3,19.9,19.8,,-0.6,0.9,0.3,.014,,-1.8,-2.0,-3.8,-0.5
368,Rajon Rondo\rondora01,PG,30,CHI,50,1314,11.9,.422,.218,.098,3.7,17.6,10.5,36.2,2.6,0.5,23.2,17.0,,-1.0,1.7,0.8,.027,,-2.4,1.4,-1.1,0.3
369,Derrick Rose\rosede01,PG,28,NYK,51,1653,16.1,.517,.071,.227,3.6,9.5,6.5,22.6,1.1,0.8,12.5,25.8,,1.4,0.4,1.8,.052,,-0.3,-2.1,-2.5,-0.2
370,Terrence Ross\rosste01,SF,25,TOT,56,1275,15.2,.558,.530,.104,1.4,11.8,6.6,5.9,2.3,1.4,6.0,19.9,,1.7,1.2,2.9,.111,,1.3,-1.1,0.2,0.7
370,Terrence Ross\rosste01,SF,25,TOR,54,1207,14.9,.558,.534,.104,1.3,11.8,6.5,5.8,2.2,1.4,6.2,19.7,,1.6,1.1,2.7,.109,,1.3,-1.2,0.1,0.6
370,Terrence Ross\rosste01,SF,25,ORL,2,68,19.0,.555,.469,.094,3.2,11.6,7.3,7.6,3.7,1.2,2.9,22.4,,0.1,0.1,0.2,.139,,1.9,-0.7,1.2,0.1
371,Terry Rozier\roziete01,PG,22,BOS,55,996,10.9,.478,.408,.172,3.4,15.6,9.5,14.1,1.6,0.8,9.3,16.4,,0.3,0.9,1.2,.056,,-2.3,-0.3,-2.6,-0.2
372,Ricky Rubio\rubiori01,PG,26,MIN,54,1735,15.4,.530,.352,.456,3.2,10.7,6.9,36.9,2.8,0.3,22.5,15.2,,2.6,1.4,4.0,.111,,0.9,-0.6,0.3,1.0
373,Damjan Rudez\rudezda01,SF,30,ORL,36,270,7.4,.507,.771,.000,2.0,7.5,4.7,9.1,2.0,0.3,10.3,12.8,,0.0,0.2,0.2,.038,,-1.9,-1.3,-3.3,-0.1
374,Brandon Rush\rushbr01,SG,31,MIN,26,489,6.6,.478,.598,.103,1.9,10.1,5.9,5.0,1.3,2.1,12.1,10.4,,-0.1,0.3,0.2,.016,,-2.7,0.0,-2.7,-0.1
375,D'Angelo Russell\russeda01,PG,20,LAL,44,1177,15.6,.509,.438,.219,2.3,13.4,7.7,28.8,2.3,0.9,15.8,27.1,,0.1,0.7,0.8,.033,,1.1,-1.3,-0.2,0.6
376,Domantas Sabonis\sabondo01,PF,20,OKC,59,1267,6.8,.476,.351,.097,3.0,15.9,9.5,7.0,1.2,1.6,14.9,14.9,,-0.8,1.4,0.6,.021,,-4.6,0.0,-4.6,-0.8
377,Dario Saric\saricda01,PF,22,PHI,59,1476,12.0,.499,.385,.216,6.3,20.9,13.6,12.8,1.2,0.9,14.8,23.1,,-0.9,1.5,0.7,.022,,-2.3,-0.3,-2.6,-0.2
378,Tomas Satoransky\satorto01,SG,25,WAS,40,560,8.8,.486,.241,.232,4.3,9.2,6.8,17.3,1.8,0.8,20.1,12.1,,0.1,0.5,0.6,.053,,-2.8,0.1,-2.7,-0.1
379,Dennis Schroder\schrode01,PG,23,ATL,58,1789,16.6,.539,.244,.230,1.7,8.6,5.2,35.5,1.2,0.4,15.6,27.2,,1.5,1.6,3.0,.081,,1.0,-2.0,-1.0,0.4
380,Luis Scola\scolalu01,PF,36,BRK,36,461,13.9,.550,.331,.245,11.8,19.9,15.9,12.7,1.4,0.7,16.9,18.6,,0.4,0.3,0.7,.074,,-0.8,-0.5,-1.3,0.1
381,Mike Scott\scottmi01,PF,28,ATL,18,195,6.2,.366,.466,.138,5.7,15.0,10.4,12.4,1.0,1.3,11.5,15.6,,-0.3,0.2,0.0,-0.011,,-5.0,0.0,-5.1,-0.1
382,Thabo Sefolosha\sefolth01,SF,32,ATL,47,1198,12.8,.534,.275,.184,3.3,14.4,9.0,9.0,3.2,1.8,11.2,13.7,,0.6,2.0,2.7,.106,,-1.7,3.1,1.5,1.0
383,Kevin Seraphin\serapke01,PF,27,IND,35,418,13.3,.544,.014,.072,8.5,20.2,14.5,7.2,0.5,3.1,11.8,17.2,,0.3,0.4,0.6,.074,,-3.1,-0.3,-3.4,-0.1
384,Ramon Sessions\sessira01,PG,30,CHO,50,811,12.2,.495,.236,.449,1.6,8.2,4.9,24.4,1.5,0.3,12.7,19.9,,0.3,0.7,1.0,.061,,-2.4,-2.0,-4.4,-0.5
385,Iman Shumpert\shumpim01,SG,26,CLE,54,1374,9.9,.553,.582,.199,2.6,10.3,6.5,8.1,1.9,1.0,12.5,13.6,,0.9,1.2,2.1,.075,,-0.4,0.5,0.1,0.7
386,Pascal Siakam\siakapa01,PF,22,TOR,48,806,11.1,.522,.021,.171,8.2,15.2,11.7,2.7,1.4,4.5,13.4,12.8,,0.4,0.9,1.3,.077,,-2.9,1.5,-1.4,0.1
387,Jonathon Simmons\simmojo02,SG,27,SAS,54,969,10.6,.515,.228,.346,1.7,12.2,7.1,12.8,1.8,1.7,14.2,18.1,,0.1,1.5,1.6,.077,,-2.5,1.1,-1.5,0.1
388,Kyle Singler\singlky01,SF,28,OKC,27,282,4.5,.493,.473,.200,1.6,10.9,6.2,2.4,0.5,1.1,14.3,10.5,,-0.1,0.2,0.1,.016,,-5.4,-1.7,-7.0,-0.4
389,Marcus Smart\smartma01,PG,22,BOS,57,1769,12.3,.497,.435,.306,3.6,10.6,7.1,20.9,2.7,1.0,15.9,18.5,,0.5,1.9,2.3,.063,,-0.8,0.7,-0.1,0.8
390,Ish Smith\smithis01,PG,28,DET,58,1364,13.6,.473,.145,.145,1.1,12.1,6.5,31.7,1.5,1.5,13.8,19.2,,0.4,1.6,1.9,.068,,-1.8,0.5,-1.3,0.2
391,J.R. Smith\smithjr01,SG,31,CLE,21,607,7.8,.481,.750,.049,1.5,6.5,4.1,6.0,2.1,1.2,7.4,14.7,,-0.1,0.5,0.5,.037,,-0.7,-0.1,-0.9,0.2
392,Jason Smith\smithja02,C,30,WAS,54,714,12.5,.572,.098,.167,8.5,18.8,13.7,3.7,1.0,4.5,15.4,16.8,,0.4,1.0,1.4,.091,,-3.3,0.6,-2.7,-0.1
393,Tony Snell\snellto01,SG,25,MIL,57,1635,9.5,.605,.680,.107,1.2,11.7,6.6,5.8,0.9,0.8,8.4,11.5,,1.6,0.7,2.3,.068,,0.4,-1.2,-0.9,0.5
394,Marreese Speights\speigma01,C,29,LAC,59,961,19.1,.594,.495,.300,7.7,23.1,15.6,8.6,1.0,2.4,9.1,24.4,,2.4,1.2,3.6,.179,,2.5,-1.1,1.4,0.8
395,Nik Stauskas\stausni01,SG,23,PHI,57,1530,9.3,.556,.560,.246,1.0,10.3,5.6,12.4,1.0,1.4,15.3,15.7,,0.4,1.0,1.4,.044,,-1.5,-0.5,-2.0,0.0
396,Lance Stephenson\stephla01,SG,26,TOT,10,211,9.7,.491,.153,.139,1.5,11.5,6.4,23.9,0.5,0.4,14.5,18.8,,0.0,0.1,0.1,.013,,-3.6,-2.5,-6.2,-0.2
396,Lance Stephenson\stephla01,SG,26,NOP,6,162,10.3,.496,.182,.145,1.9,9.8,5.8,28.3,0.6,0.5,15.8,19.0,,0.0,0.1,0.1,.024,,-2.9,-2.3,-5.2,-0.1
396,Lance Stephenson\stephla01,SG,26,MIN,4,49,7.5,.475,.059,.118,0.0,16.8,8.3,9.4,0.0,0.0,10.1,17.9,,0.0,0.0,0.0,-0.022,,-5.9,-3.4,-9.3,-0.1
397,Jarnell Stokes\stokeja01,PF,23,DEN,2,7,31.6,.798,.000,2.000,15.7,16.1,15.9,40.8,7.0,0.0,0.0,11.3,,0.1,0.0,0.1,.471,,11.8,3.4,15.2,0.0
398,Diamond Stone\stonedi01,C,19,LAC,7,24,-1.2,.339,.000,.308,4.7,22.6,13.8,0.0,0.0,3.4,11.9,31.1,,-0.1,0.0,-0.1,-0.208,,-17.0,-6.9,-23.9,-0.1
399,Rodney Stuckey\stuckro01,PG,30,IND,28,521,13.3,.539,.231,.482,1.3,12.4,7.0,16.5,1.3,0.0,13.9,23.5,,0.2,0.3,0.5,.050,,-1.9,-2.4,-4.3,-0.3
400,Jared Sullinger\sullija01,PF,24,TOR,11,118,5.6,.359,.375,.167,9.5,16.5,13.0,3.7,1.7,0.7,7.2,21.0,,-0.2,0.1,-0.1,-0.046,,-5.1,-2.9,-8.0,-0.2
401,Walter Tavares\tavarwa01,C,24,ATL,1,4,13.2,.532,.000,2.000,0.0,27.0,13.7,0.0,0.0,0.0,0.0,20.6,,0.0,0.0,0.0,-0.046,,-8.0,-7.0,-15.0,0.0
402,Jeff Teague\teaguje01,PG,28,IND,60,1956,19.4,.573,.257,.481,1.5,12.7,7.2,37.5,2.1,1.2,17.0,22.3,,4.1,1.8,5.9,.144,,2.4,-0.4,2.1,2.0
403,Mirza Teletovic\teletmi01,PF,31,MIL,48,769,9.1,.527,.740,.125,1.5,14.9,8.3,6.7,0.5,1.2,9.8,19.7,,0.0,0.4,0.3,.021,,-1.1,-3.6,-4.6,-0.5
404,Garrett Temple\templga01,SG,30,SAC,49,1301,11.2,.561,.515,.202,2.4,9.2,5.8,12.8,2.3,1.6,13.0,13.3,,1.1,1.0,2.0,.075,,-0.2,0.4,0.2,0.7
405,Jason Terry\terryja01,SG,39,MIL,50,862,8.6,.592,.733,.120,1.4,6.2,3.8,10.3,1.6,1.4,12.7,9.5,,0.8,0.4,1.2,.066,,-0.4,-1.1,-1.5,0.1
406,Isaiah Thomas\thomais02,PG,27,BOS,56,1930,26.9,.622,.425,.443,1.9,7.1,4.5,33.6,1.1,0.3,10.3,34.3,,8.6,0.9,9.5,.237,,9.1,-3.8,5.3,3.6
407,Lance Thomas\thomala01,PF,28,NYK,35,656,7.0,.505,.339,.194,3.1,10.0,6.5,4.4,1.1,0.5,10.0,13.0,,0.2,0.2,0.4,.026,,-2.7,-1.8,-4.4,-0.4
408,Hollis Thompson\thompho01,SG,25,TOT,34,621,8.3,.501,.459,.141,2.7,12.9,7.8,7.1,1.2,0.8,5.7,13.4,,0.2,0.5,0.7,.052,,-2.6,-0.7,-3.2,-0.2
408,Hollis Thompson\thompho01,SG,25,PHI,31,561,9.0,.510,.447,.126,2.9,13.3,8.1,7.1,1.2,0.9,5.1,13.7,,0.3,0.5,0.7,.062,,-2.2,-0.6,-2.8,-0.1
408,Hollis Thompson\thompho01,SG,25,NOP,3,60,1.5,.392,.636,.364,0.0,8.9,4.4,6.7,0.8,0.0,13.6,10.9,,-0.1,0.0,-0.1,-0.044,,-5.9,-1.3,-7.3,-0.1
409,Klay Thompson\thompkl01,SG,26,GSW,57,1942,17.1,.597,.459,.166,2.3,9.2,6.0,9.3,1.1,1.0,8.8,25.5,,3.0,2.0,5.0,.124,,2.2,-2.2,0.0,1.0
410,Tristan Thompson\thomptr01,C,25,CLE,58,1748,15.5,.588,.009,.517,14.1,21.3,17.8,4.3,0.9,3.1,10.5,11.3,,3.7,2.1,5.8,.159,,-0.1,1.9,1.8,1.7
411,Marcus Thornton\thornma01,SG,29,WAS,33,575,10.4,.494,.381,.129,4.4,10.5,7.5,9.9,1.6,0.4,10.1,18.9,,0.1,0.5,0.6,.049,,-1.8,-1.5,-3.2,-0.2
412,Mike Tobey\tobeymi01,C,22,CHO,2,25,-0.1,.250,.000,.000,8.7,4.3,6.5,5.4,0.0,0.0,20.0,8.9,,0.0,0.0,0.0,-0.063,,-7.3,-1.1,-8.4,0.0
413,Anthony Tolliver\tollian01,PF,31,SAC,48,1114,10.9,.597,.669,.222,4.7,14.4,9.6,6.6,1.3,0.9,13.5,13.2,,1.1,0.7,1.7,.075,,0.0,-0.8,-0.8,0.3
414,Karl-Anthony Towns\townska01,C,21,MIN,60,2194,25.0,.600,.183,.295,11.3,27.6,19.3,14.2,0.9,3.4,11.9,27.5,,6.3,2.3,8.7,.190,,3.9,0.8,4.7,3.7
415,P.J. Tucker\tuckepj01,SF,31,TOT,60,1703,10.8,.518,.377,.229,6.3,17.4,11.6,6.2,2.6,0.7,11.5,11.2,,1.2,1.5,2.7,.076,,-0.6,1.6,1.0,1.3
415,P.J. Tucker\tuckepj01,SF,31,PHO,57,1627,10.8,.518,.385,.218,6.1,17.5,11.6,6.2,2.6,0.7,11.8,11.4,,1.1,1.4,2.5,.073,,-0.6,1.6,1.0,1.2
415,P.J. Tucker\tuckepj01,SF,31,TOR,3,76,12.3,.514,.100,.600,8.9,15.0,11.9,5.2,3.3,0.0,0.0,7.4,,0.1,0.1,0.2,.145,,0.1,1.7,1.8,0.1
416,Evan Turner\turneev01,SG,28,POR,50,1311,12.2,.504,.222,.184,2.2,14.0,8.1,19.5,1.6,1.1,14.2,18.8,,0.3,0.7,1.0,.037,,-2.0,-0.5,-2.4,-0.1
417,Myles Turner\turnemy01,C,20,IND,59,1825,19.3,.597,.146,.375,5.8,19.8,12.9,6.0,1.4,6.0,9.6,20.7,,3.3,2.5,5.9,.154,,-0.1,2.0,2.0,1.8
418,Beno Udrih\udrihbe01,PG,34,DET,30,420,15.3,.527,.187,.173,1.3,8.9,5.0,32.8,0.8,0.0,12.9,19.7,,0.6,0.3,0.9,.106,,-0.5,-2.6,-3.1,-0.1
419,Tyler Ulis\ulisty01,PG,21,PHO,38,351,9.3,.438,.153,.122,2.8,6.2,4.4,22.2,2.9,0.2,17.4,20.1,,-0.4,0.2,-0.2,-0.027,,-4.0,-1.8,-5.9,-0.3
420,Jonas Valanciunas\valanjo01,C,24,TOR,58,1540,19.7,.597,.000,.309,12.2,29.3,20.6,4.3,0.9,2.4,12.1,19.6,,3.5,2.0,5.5,.171,,-0.7,-0.6,-1.2,0.3
421,Denzel Valentine\valende01,SG,23,CHI,34,455,7.6,.484,.716,.075,0.7,13.8,7.2,9.2,2.2,0.5,14.3,15.4,,-0.3,0.5,0.2,.026,,-2.4,-0.4,-2.9,-0.1
422,Fred VanVleet\vanvlfr01,PG,22,TOR,22,153,13.7,.457,.286,.175,2.2,14.2,8.1,17.6,3.3,0.6,5.6,20.9,,0.1,0.2,0.3,.088,,-1.1,-0.4,-1.5,0.0
423,Anderson Varejao\varejan01,C,34,GSW,14,92,9.4,.478,.000,.786,15.4,16.7,16.1,12.8,1.6,2.6,29.8,12.5,,0.0,0.1,0.2,.098,,-3.0,2.5,-0.5,0.0
424,Greivis Vasquez\vasqugr01,PG,30,BRK,3,39,4.1,.376,.375,.375,0.0,5.3,2.7,17.5,1.2,1.9,9.7,11.3,,0.0,0.0,0.0,-0.014,,-5.7,-1.9,-7.7,-0.1
425,Rashad Vaughn\vaughra01,SG,20,MIL,26,295,8.0,.456,.596,.020,0.4,12.7,6.6,5.3,2.2,1.8,6.5,16.3,,-0.2,0.3,0.0,.003,,-3.2,-1.4,-4.6,-0.2
426,Noah Vonleh\vonleno01,PF,21,POR,50,670,8.3,.467,.128,.301,10.7,23.8,17.2,2.3,1.1,2.2,18.5,14.2,,-0.4,0.6,0.2,.013,,-5.8,-1.1,-6.8,-0.8
427,Nikola Vucevic\vucevni01,C,26,ORL,57,1630,18.6,.498,.072,.167,8.2,31.0,19.3,17.1,1.7,2.8,10.7,24.7,,0.4,2.5,2.9,.085,,-1.6,2.6,0.9,1.2
428,Sasha Vujacic\vujacsa01,SG,32,NYK,30,235,8.4,.462,.582,.224,1.4,13.7,7.5,13.4,1.9,0.7,12.0,15.3,,0.0,0.1,0.1,.027,,-2.6,-1.5,-4.1,-0.1
429,Dwyane Wade\wadedw01,SG,35,CHI,50,1524,20.0,.512,.151,.299,3.9,12.7,8.2,23.3,2.6,1.9,10.4,29.9,,1.5,1.9,3.5,.109,,1.4,0.6,2.0,1.5
430,Dion Waiters\waitedi01,SG,25,MIA,37,1144,14.2,.500,.307,.191,1.4,11.0,6.2,24.0,1.6,1.2,12.5,26.2,,0.0,1.2,1.2,.050,,-0.3,-0.6,-0.9,0.3
431,Kemba Walker\walkeke02,PG,26,CHO,58,2005,20.9,.573,.387,.263,1.9,10.8,6.4,28.9,1.7,0.6,10.5,28.6,,4.0,2.0,6.1,.145,,4.9,-1.1,3.8,2.9
432,John Wall\walljo01,PG,26,WAS,55,2017,23.0,.540,.187,.350,2.5,11.1,6.9,46.8,2.8,1.4,17.0,30.7,,3.7,2.5,6.3,.149,,3.5,0.6,4.1,3.1
433,Taurean Waller-Prince\princta02,SF,22,ATL,36,426,9.8,.501,.349,.302,3.7,18.0,10.9,8.6,2.0,2.2,16.4,17.5,,-0.2,0.7,0.4,.050,,-4.4,1.2,-3.2,-0.1
434,T.J. Warren\warretj01,SF,23,PHO,46,1355,13.9,.515,.140,.182,5.9,9.3,7.6,5.3,1.9,1.1,5.8,19.4,,1.4,0.7,2.1,.075,,-0.6,-1.0,-1.6,0.2
435,C.J. Watson\watsocj01,PG,32,ORL,46,774,9.6,.522,.411,.317,1.4,8.3,4.7,15.6,2.1,0.1,14.9,13.8,,0.3,0.6,0.8,.052,,-2.4,-0.8,-3.3,-0.3
436,Briante Weber\weberbr01,PG,24,GSW,7,46,5.9,.392,.214,.214,0.0,8.9,4.8,13.7,3.1,1.7,16.4,17.1,,-0.1,0.1,0.0,-0.020,,-6.8,0.7,-6.1,0.0
437,David West\westda01,PF,36,GSW,45,521,16.6,.567,.027,.253,6.1,18.7,12.8,24.7,2.7,3.8,20.9,16.9,,0.7,1.1,1.7,.161,,-1.4,3.8,2.4,0.6
438,Russell Westbrook\westbru01,PG,28,OKC,59,2046,29.4,.544,.270,.441,5.8,27.7,16.8,56.5,2.3,0.8,16.3,41.7,,5.2,3.3,8.5,.200,,9.6,4.4,14.1,8.3
439,Okaro White\whiteok01,PF,24,MIA,17,260,10.1,.648,.488,.419,5.0,13.6,9.3,5.3,1.2,1.2,15.0,10.2,,0.4,0.3,0.7,.121,,-1.1,0.5,-0.6,0.1
440,Isaiah Whitehead\whiteis01,PG,21,BRK,50,1090,7.0,.473,.266,.191,1.7,10.1,5.9,20.4,1.2,1.6,21.5,18.9,,-1.5,0.5,-1.0,-0.046,,-5.0,-0.9,-5.9,-1.1
441,Hassan Whiteside\whiteha01,C,27,MIA,55,1811,21.4,.568,.000,.360,12.1,35.1,23.5,3.4,1.2,4.9,12.5,22.6,,2.2,3.8,6.0,.158,,-2.7,1.3,-1.4,0.3
442,Andrew Wiggins\wiggian01,SF,21,MIN,60,2229,17.2,.545,.191,.340,4.0,9.1,6.5,11.5,1.4,0.9,9.9,28.4,,2.9,0.9,3.8,.082,,0.7,-2.5,-1.8,0.1
443,C.J. Wilcox\wilcocj01,SG,26,ORL,17,78,4.7,.402,.684,.105,2.7,10.1,6.3,16.3,0.6,1.0,20.1,14.1,,-0.1,0.0,-0.1,-0.046,,-5.3,-1.9,-7.2,-0.1
444,Alan Williams\willial03,PF,24,PHO,25,213,22.2,.582,.000,.390,19.7,28.5,23.9,4.7,2.3,5.7,15.1,21.0,,0.4,0.3,0.7,.165,,-0.9,1.2,0.3,0.1
445,Deron Williams\willide01,PG,32,DAL,40,1171,15.3,.532,.399,.185,1.2,9.3,5.1,40.1,1.1,0.2,16.5,23.8,,1.2,0.7,1.9,.078,,1.1,-2.4,-1.2,0.2
446,Derrick Williams\willide02,PF,25,TOT,32,545,11.6,.519,.358,.408,3.4,16.0,9.8,5.8,1.0,0.7,7.9,18.6,,0.3,0.5,0.8,.072,,-2.4,-1.6,-4.0,-0.3
446,Derrick Williams\willide02,PF,25,MIA,25,377,10.1,.465,.328,.365,4.6,16.6,10.6,5.6,1.2,1.0,8.1,20.4,,-0.1,0.4,0.3,.037,,-3.8,-1.5,-5.2,-0.3
446,Derrick Williams\willide02,PF,25,CLE,7,168,14.8,.681,.452,.548,0.7,14.6,7.9,6.1,0.6,0.0,7.1,14.7,,0.4,0.1,0.5,.152,,0.8,-2.0,-1.3,0.0
447,Lou Williams\willilo02,SG,30,TOT,61,1483,24.4,.615,.443,.468,1.1,9.2,5.0,22.4,2.3,0.7,11.7,30.5,,4.9,0.7,5.6,.181,,5.9,-3.2,2.7,1.8
447,Lou Williams\willilo02,SG,30,LAL,58,1403,24.1,.609,.431,.469,1.0,9.5,5.1,22.8,2.3,0.6,11.9,30.6,,4.4,0.6,5.1,.174,,5.7,-3.2,2.5,1.6
447,Lou Williams\willilo02,SG,30,HOU,3,80,29.9,.715,.667,.452,2.8,4.2,3.5,15.3,2.4,1.0,7.4,28.9,,0.5,0.1,0.5,.315,,9.6,-4.4,5.2,0.1
448,Marvin Williams\willima02,PF,30,CHO,53,1538,12.4,.532,.513,.183,3.5,17.2,10.4,6.4,1.2,1.7,6.9,17.2,,1.0,1.8,2.8,.087,,-0.8,0.1,-0.7,0.5
449,Reggie Williams\willire02,SF,30,NOP,6,79,11.7,.518,.478,.304,2.6,5.4,4.0,7.3,1.9,0.0,0.0,14.6,,0.1,0.1,0.2,.094,,-0.9,-1.9,-2.8,0.0
450,Troy Williams\willitr02,SF,22,MEM,24,418,7.7,.477,.336,.205,1.6,10.6,6.0,7.3,3.0,2.1,16.9,17.3,,-0.6,0.6,0.1,.009,,-4.6,1.8,-2.8,-0.1
451,Kyle Wiltjer\wiltjky01,PF,24,HOU,9,29,4.4,.460,1.000,.200,11.4,15.3,13.4,0.0,0.0,2.8,21.6,20.4,,-0.1,0.0,0.0,-0.063,,-5.8,-6.4,-12.3,-0.1
452,Justise Winslow\winslju01,SF,20,MIA,18,625,8.2,.397,.155,.208,4.0,12.5,8.2,15.7,2.2,0.8,11.8,19.9,,-0.9,0.8,-0.2,-0.012,,-4.1,1.3,-2.8,-0.1
453,Jeff Withey\witheje01,C,26,UTA,32,252,17.8,.588,.019,.519,12.8,19.5,16.3,1.2,1.9,7.1,11.9,14.0,,0.5,0.6,1.0,.199,,-2.5,3.2,0.7,0.2
454,Christian Wood\woodch01,PF,21,CHO,5,49,12.0,.514,.400,.600,13.3,21.8,17.6,5.9,0.0,3.5,13.7,13.3,,0.1,0.1,0.1,.116,,-2.8,0.0,-2.7,0.0
455,Metta World Peace\artesro01,SF,37,LAL,18,81,0.3,.286,.571,.286,3.9,8.3,6.0,8.5,1.8,2.0,8.7,18.2,,-0.3,0.0,-0.2,-0.131,,-6.7,-2.1,-8.7,-0.1
456,Brandan Wright\wrighbr03,PF,29,MEM,8,111,19.5,.573,.023,.205,9.9,10.5,10.2,1.7,1.4,5.2,5.9,20.8,,0.2,0.2,0.3,.147,,-1.7,-0.3,-2.0,0.0
457,Delon Wright\wrighde01,PG,24,TOR,5,78,15.9,.584,.304,.348,1.4,7.3,4.4,11.4,1.3,2.2,0.0,15.2,,0.2,0.0,0.3,.170,,1.2,-1.5,-0.3,0.0
458,James Young\youngja01,SG,21,BOS,23,175,12.1,.586,.531,.143,3.8,10.9,7.4,3.4,2.0,0.5,5.4,14.1,,0.2,0.1,0.4,.098,,-0.9,-1.8,-2.7,0.0
459,Joe Young\youngjo01,PG,24,IND,27,124,11.2,.426,.343,.194,0.9,11.5,6.3,18.3,1.6,0.0,5.2,27.6,,-0.2,0.1,-0.1,-0.031,,-3.2,-4.1,-7.3,-0.2
460,Nick Young\youngni01,SG,31,LAL,53,1395,14.7,.593,.654,.155,1.8,8.0,4.8,6.3,1.2,0.8,4.9,19.3,,2.9,0.2,3.2,.109,,3.0,-3.2,-0.2,0.6
461,Thaddeus Young\youngth01,PF,28,IND,52,1599,14.8,.571,.230,.135,5.6,16.3,11.0,8.3,2.9,1.4,13.2,16.5,,1.1,2.0,3.1,.094,,0.0,1.8,1.8,1.5
462,Cody Zeller\zelleco01,PF,24,CHO,39,1044,17.2,.621,.000,.473,9.4,16.7,13.0,8.7,1.4,3.4,12.6,16.6,,2.2,1.5,3.6,.166,,-0.1,2.2,2.1,1.1
463,Tyler Zeller\zellety01,C,27,BOS,37,426,13.9,.504,.008,.209,10.0,17.1,13.5,12.6,0.7,3.7,9.0,16.2,,0.5,0.4,0.9,.103,,-2.6,0.9,-1.7,0.0
464,Stephen Zimmerman\zimmest01,C,20,ORL,10,38,16.5,.446,.000,.077,11.3,35.5,23.1,8.4,1.3,2.1,0.0,15.7,,0.0,0.1,0.1,.111,,-4.3,0.4,-3.9,0.0
465,Paul Zipser\zipsepa01,SF,22,CHI,23,350,6.1,.466,.505,.275,2.4,13.9,8.1,4.0,1.0,1.1,13.6,14.7,,-0.2,0.3,0.1,.008,,-4.3,-1.2,-5.4,-0.3
466,Ivica Zubac\zubaciv01,C,19,LAL,25,349,15.4,.528,.000,.220,8.7,22.1,15.2,6.0,1.0,5.1,13.1,19.6,,0.1,0.3,0.4,.060,,-4.1,0.3,-3.8,-0.2