Rk,Player,Pos,Age,Tm,G,GS,MP,FG,FGA,FG%,3P,3PA,3P%,2P,2PA,2P%,eFG%,FT,FTA,FT%,ORB,DRB,TRB,AST,STL,BLK,TOV,PF,PS/G
1,Alex Abrines\abrinal01,SG,23,OKC,48,2,14.8,1.9,4.7,.398,1.3,3.4,.383,0.6,1.3,.438,.535,0.8,0.9,.884,0.3,0.9,1.2,0.5,0.4,0.1,0.5,1.6,5.8
2,Quincy Acy\acyqu01,PF,26,TOT,18,0,10.1,1.7,3.6,.462,0.8,1.7,.467,0.9,1.9,.457,.569,0.9,1.1,.850,0.7,1.4,2.2,0.1,0.2,0.4,0.4,1.4,5.1
2,Quincy Acy\acyqu01,PF,26,DAL,6,0,8.0,0.8,2.8,.294,0.2,1.2,.143,0.7,1.7,.400,.324,0.3,0.5,.667,0.3,1.0,1.3,0.0,0.0,0.0,0.3,1.5,2.2
2,Quincy Acy\acyqu01,PF,26,BRK,12,0,11.2,2.1,4.0,.521,1.1,1.9,.565,1.0,2.1,.480,.656,1.3,1.4,.882,0.9,1.7,2.6,0.2,0.3,0.6,0.4,1.3,6.5
3,Steven Adams\adamsst01,C,23,OKC,57,57,30.8,5.1,8.9,.572,0.0,0.0,.000,5.1,8.8,.575,.572,2.1,3.2,.659,3.6,4.4,8.0,1.1,1.1,1.1,1.9,2.4,12.3
4,Arron Afflalo\afflaar01,SG,31,SAC,49,34,25.6,2.8,6.5,.429,1.0,2.5,.390,1.8,4.0,.454,.505,1.2,1.4,.884,0.2,1.7,1.9,1.2,0.4,0.1,0.7,1.8,7.8
5,Alexis Ajinca\ajincal01,C,28,NOP,24,12,14.8,1.9,4.1,.459,0.0,0.1,.000,1.9,4.0,.474,.459,0.7,1.0,.708,1.1,3.3,4.4,0.3,0.5,0.7,0.9,1.9,4.5
6,Cole Aldrich\aldrico01,C,28,MIN,53,0,9.0,0.7,1.4,.527,0.0,0.0,,0.7,1.4,.527,.527,0.3,0.4,.667,0.9,1.8,2.7,0.5,0.4,0.4,0.3,1.5,1.7
7,LaMarcus Aldridge\aldrila01,PF,31,SAS,53,53,32.2,6.8,14.3,.478,0.3,0.7,.436,6.5,13.5,.480,.489,3.5,4.3,.819,2.4,5.1,7.4,2.1,0.6,1.1,1.4,2.4,17.4
8,Lavoy Allen\allenla01,PF,27,IND,45,5,14.4,1.2,2.8,.444,0.0,0.0,.000,1.2,2.8,.448,.444,0.3,0.4,.650,1.4,1.9,3.2,1.0,0.3,0.3,0.5,1.2,2.8
9,Tony Allen\allento01,SG,35,MEM,51,49,27.8,3.9,8.5,.456,0.2,0.6,.242,3.7,7.9,.474,.466,1.3,2.1,.636,2.4,3.3,5.7,1.2,1.9,0.5,1.6,2.7,9.3
10,Al-Farouq Aminu\aminual01,SF,26,POR,38,23,29.1,2.9,7.9,.370,1.1,3.7,.307,1.8,4.2,.425,.442,1.5,1.9,.767,1.2,6.2,7.4,2.1,1.0,0.7,1.5,1.9,8.4
11,Chris Andersen\anderch01,C,38,CLE,12,0,9.5,0.8,1.8,.409,0.0,0.3,.000,0.8,1.6,.474,.409,0.8,1.2,.714,0.8,1.8,2.6,0.4,0.4,0.6,0.4,1.7,2.3
12,Alan Anderson\anderal01,SF,34,LAC,24,0,11.3,1.1,3.0,.361,0.5,1.7,.300,0.6,1.3,.438,.444,0.4,0.5,.769,0.1,0.9,1.0,0.5,0.1,0.0,0.3,1.1,3.1
13,Justin Anderson\anderju01,SF,23,TOT,53,2,13.7,2.2,5.3,.404,0.7,2.4,.296,1.5,3.0,.490,.470,1.3,1.7,.798,0.8,2.1,2.9,0.6,0.5,0.3,0.8,1.3,6.3
13,Justin Anderson\anderju01,SF,23,DAL,51,2,13.9,2.2,5.4,.402,0.7,2.4,.303,1.5,3.0,.481,.469,1.4,1.7,.795,0.8,2.2,2.9,0.6,0.5,0.3,0.8,1.3,6.5
13,Justin Anderson\anderju01,SF,23,PHI,2,0,7.0,1.5,3.0,.500,0.0,1.5,.000,1.5,1.5,1.000,.500,0.5,0.5,1.000,1.0,1.5,2.5,0.0,0.5,0.0,0.5,2.0,3.5
14,Kyle Anderson\anderky01,SG,23,SAS,53,11,13.0,1.1,2.5,.432,0.2,0.5,.400,0.9,2.0,.439,.470,0.7,0.8,.795,0.4,2.2,2.6,1.1,0.6,0.4,0.5,0.7,3.0
15,Ryan Anderson\anderry01,PF,28,HOU,58,58,30.4,4.6,10.9,.420,2.8,6.9,.403,1.8,4.0,.450,.548,2.0,2.3,.852,1.6,3.3,4.9,1.0,0.5,0.2,0.9,2.1,13.9
16,Giannis Antetokounmpo\antetgi01,SF,22,MIL,57,57,35.5,8.4,15.9,.528,0.7,2.5,.278,7.7,13.4,.575,.550,5.8,7.4,.786,1.9,6.8,8.6,5.5,1.8,1.9,3.1,3.3,23.4
17,Carmelo Anthony\anthoca01,SF,32,NYK,59,59,34.3,8.6,19.4,.442,2.2,5.8,.369,6.4,13.6,.473,.497,4.2,5.1,.824,0.9,5.1,6.0,2.9,0.8,0.5,2.1,2.7,23.5
18,Joel Anthony\anthojo01,C,34,SAS,9,0,6.2,0.6,0.9,.625,0.0,0.0,,0.6,0.9,.625,.625,0.2,0.2,1.000,0.7,1.1,1.8,0.1,0.1,0.2,0.1,0.4,1.3
19,Trevor Ariza\arizatr01,SF,31,HOU,61,61,34.5,4.0,10.1,.402,2.5,7.1,.348,1.6,3.0,.533,.525,1.0,1.4,.744,0.7,4.8,5.5,2.2,1.9,0.3,0.9,1.6,11.6
20,Darrell Arthur\arthuda01,PF,28,DEN,31,7,16.1,2.5,5.5,.467,1.4,3.0,.478,1.1,2.5,.455,.598,0.3,0.3,.900,0.7,2.1,2.7,1.1,0.4,0.5,1.0,2.0,6.8
21,Omer Asik\asikom01,C,30,NOP,31,19,15.5,1.0,2.1,.477,0.0,0.0,,1.0,2.1,.477,.477,0.7,1.3,.590,1.5,3.7,5.3,0.5,0.2,0.3,0.5,1.6,2.7
22,D.J. Augustin\augusdj01,PG,29,ORL,59,20,20.7,2.7,6.9,.391,1.4,3.7,.367,1.3,3.2,.419,.490,1.6,2.1,.782,0.2,1.3,1.4,3.0,0.4,0.0,1.2,1.4,8.4
23,Luke Babbitt\babbilu01,SF,27,MIA,51,38,15.6,1.6,4.1,.389,1.2,2.9,.403,0.4,1.2,.355,.531,0.2,0.3,.733,0.3,1.9,2.2,0.5,0.3,0.2,0.4,1.7,4.6
24,Ron Baker\bakerro01,SG,23,NYK,30,3,11.6,1.2,3.2,.379,0.5,1.4,.326,0.7,1.7,.423,.453,0.4,0.7,.591,0.2,1.4,1.6,1.2,0.5,0.1,0.8,1.0,3.3
25,Wade Baldwin\baldwwa01,PG,20,MEM,24,1,12.9,1.1,3.5,.310,0.1,0.8,.111,1.0,2.8,.364,.321,1.1,1.3,.844,0.3,1.1,1.4,2.0,0.6,0.3,1.3,1.3,3.4
26,Leandro Barbosa\barbole01,SG,34,PHO,55,0,13.3,2.4,5.4,.444,0.5,1.3,.406,1.9,4.1,.456,.492,0.4,0.5,.846,0.2,1.2,1.4,1.2,0.4,0.1,0.5,1.1,5.7
27,J.J. Barea\bareajo01,PG,32,DAL,18,5,24.7,4.5,10.7,.422,1.4,4.1,.351,3.1,6.6,.466,.490,1.7,1.8,.939,0.3,2.6,2.9,4.9,0.5,0.1,1.7,0.7,12.2
28,Harrison Barnes\barneha02,PF,24,DAL,59,59,35.8,8.1,17.1,.476,1.0,2.9,.339,7.1,14.1,.504,.505,2.9,3.4,.845,1.3,3.9,5.2,1.5,0.9,0.2,1.3,1.6,20.1
29,Matt Barnes\barnema02,SF,36,SAC,54,13,25.3,2.7,7.1,.384,1.3,3.9,.327,1.4,3.2,.453,.474,0.9,1.2,.758,1.0,4.5,5.5,2.8,0.7,0.3,1.5,2.6,7.6
30,Will Barton\bartowi01,SG,26,DEN,45,19,29.1,4.9,11.0,.444,1.4,3.6,.378,3.5,7.4,.477,.507,2.5,3.3,.753,1.1,3.5,4.6,3.4,0.8,0.5,1.7,1.8,13.7
31,Brandon Bass\bassbr01,PF,31,LAC,39,0,11.8,2.2,3.7,.590,0.0,0.1,.500,2.2,3.6,.592,.594,1.3,1.5,.881,0.8,1.7,2.4,0.5,0.3,0.2,0.6,0.9,5.7
32,Nicolas Batum\batumni01,SG,28,CHO,56,56,34.9,5.1,12.5,.404,1.9,5.2,.362,3.2,7.3,.434,.479,3.3,3.9,.858,0.7,6.3,7.0,5.9,1.1,0.4,2.7,1.6,15.3
33,Jerryd Bayless\bayleje01,PG,28,PHI,3,1,23.7,3.7,10.7,.344,0.7,1.7,.400,3.0,9.0,.333,.375,3.0,3.3,.900,1.0,3.0,4.0,4.3,0.0,0.0,3.0,1.3,11.0
34,Aron Baynes\baynear01,C,30,DET,56,2,15.2,1.7,3.4,.484,0.0,0.0,,1.7,3.4,.484,.484,1.1,1.3,.861,1.2,2.7,3.9,0.4,0.3,0.4,0.7,2.2,4.4
35,Kent Bazemore\bazemke01,SF,27,ATL,57,54,27.3,4.1,10.1,.402,1.2,3.6,.338,2.8,6.5,.438,.463,1.5,2.2,.715,0.6,2.6,3.2,2.5,1.3,0.7,1.8,2.2,10.9
36,Bradley Beal\bealbr01,SG,23,WAS,53,53,34.6,8.0,16.8,.478,2.9,7.2,.399,5.1,9.5,.538,.564,3.6,4.5,.808,0.6,2.3,2.9,3.6,1.0,0.2,2.0,2.2,22.6
37,Malik Beasley\beaslma01,SG,20,DEN,18,0,4.9,1.0,2.4,.419,0.3,0.9,.353,0.7,1.4,.462,.488,0.3,0.4,.750,0.1,0.3,0.4,0.3,0.2,0.0,0.2,0.3,2.7
38,Michael Beasley\beaslmi01,PF,28,MIL,50,5,17.1,4.0,7.3,.544,0.3,0.8,.421,3.6,6.5,.558,.566,1.4,2.0,.727,0.7,2.9,3.6,1.0,0.5,0.5,1.3,1.7,9.7
39,Marco Belinelli\belinma01,SG,30,CHO,54,0,24.5,3.7,8.5,.435,1.5,4.0,.372,2.2,4.5,.490,.522,1.8,2.0,.888,0.2,2.4,2.6,1.9,0.6,0.1,1.0,1.3,10.6
40,DeAndre' Bembry\bembrde01,SF,22,ATL,29,0,9.9,1.3,2.7,.487,0.0,0.4,.000,1.3,2.3,.576,.487,0.2,0.5,.429,0.3,1.1,1.4,0.7,0.2,0.1,0.3,0.6,2.8
41,Dragan Bender\bendedr01,PF,19,PHO,38,0,12.7,1.2,3.3,.371,0.7,2.1,.321,0.5,1.1,.465,.476,0.1,0.2,.375,0.4,1.7,2.2,0.4,0.2,0.5,0.7,1.6,3.2
42,Anthony Bennett\bennean01,PF,23,BRK,23,1,11.5,1.7,4.0,.413,0.6,2.1,.271,1.1,1.9,.568,.484,1.1,1.6,.722,1.1,2.3,3.4,0.5,0.2,0.1,0.5,0.8,5.0
43,Davis Bertans\bertada01,PF,24,SAS,49,3,11.5,1.4,3.2,.442,0.9,2.3,.395,0.5,0.9,.571,.587,0.5,0.6,.800,0.3,1.1,1.4,0.7,0.3,0.4,0.4,1.1,4.2
44,Patrick Beverley\beverpa01,SG,28,HOU,47,47,30.4,3.5,8.1,.429,1.6,4.3,.380,1.9,3.9,.484,.529,0.8,1.0,.813,1.3,4.4,5.7,4.5,1.6,0.4,1.5,3.3,9.4
45,Bismack Biyombo\biyombi01,C,24,ORL,59,23,23.1,2.2,4.2,.530,0.0,0.0,,2.2,4.2,.530,.530,1.5,3.0,.500,1.9,5.2,7.2,1.0,0.3,1.3,1.3,2.4,6.0
46,Nemanja Bjelica\bjeline01,PF,28,MIN,58,1,17.4,2.2,5.2,.421,0.9,2.7,.314,1.3,2.5,.538,.503,0.6,0.9,.740,0.7,2.6,3.4,1.1,0.6,0.3,0.9,2.3,5.9
47,Tarik Black\blackta01,C,25,LAL,48,11,16.2,2.2,4.4,.510,0.0,0.0,.500,2.2,4.3,.510,.512,1.3,1.8,.724,2.3,3.1,5.3,0.7,0.4,0.5,0.9,2.8,5.8
48,Eric Bledsoe\bledser01,PG,27,PHO,58,58,33.4,6.9,15.7,.440,1.6,4.7,.328,5.4,11.0,.488,.490,5.9,6.9,.851,0.9,4.1,5.0,6.4,1.4,0.4,3.3,2.6,21.3
49,Bojan Bogdanovic\bogdabo02,SF,27,TOT,57,54,26.9,4.8,11.0,.439,1.8,5.0,.357,3.0,6.0,.509,.521,2.6,3.0,.876,0.4,3.1,3.5,1.6,0.5,0.1,1.7,1.8,14.0
49,Bojan Bogdanovic\bogdabo02,SF,27,BRK,55,54,26.9,4.9,11.1,.440,1.8,5.0,.357,3.1,6.1,.509,.521,2.7,3.0,.874,0.4,3.2,3.6,1.6,0.4,0.1,1.7,1.8,14.2
49,Bojan Bogdanovic\bogdabo02,SF,27,WAS,2,0,25.5,3.0,7.5,.400,1.5,4.5,.333,1.5,3.0,.500,.500,1.0,1.0,1.000,0.0,2.5,2.5,1.0,1.0,1.0,1.5,2.0,8.5
50,Andrew Bogut\bogutan01,C,32,DAL,26,21,22.4,1.5,3.1,.469,0.0,0.0,.000,1.5,3.1,.475,.469,0.1,0.4,.273,2.1,6.2,8.3,1.9,0.5,1.0,1.7,3.2,3.0
51,Joel Bolomboy\bolomjo01,PF,23,UTA,9,0,2.2,0.3,0.6,.600,0.0,0.1,.000,0.3,0.4,.750,.600,0.2,0.4,.500,0.1,1.0,1.1,0.1,0.1,0.1,0.1,0.1,0.9
52,Devin Booker\bookede01,SG,20,PHO,58,58,34.6,7.5,17.7,.426,1.9,5.1,.372,5.7,12.6,.448,.480,4.2,5.1,.821,0.6,2.2,2.8,3.2,0.9,0.3,2.9,3.2,21.1
53,Trevor Booker\booketr01,PF,29,BRK,53,43,26.1,4.4,8.4,.530,0.3,1.1,.263,4.2,7.3,.570,.547,1.2,1.8,.663,2.1,6.5,8.6,2.2,1.2,0.4,1.8,2.2,10.3
54,Avery Bradley\bradlav01,SG,26,BOS,37,37,34.4,7.0,14.7,.475,2.1,5.1,.413,4.9,9.6,.508,.547,1.3,1.7,.762,1.1,5.6,6.7,2.3,1.4,0.2,1.8,2.7,17.4
55,Corey Brewer\breweco01,SF,30,TOT,60,8,15.7,1.6,3.9,.414,0.4,1.6,.242,1.2,2.3,.533,.463,0.6,0.8,.739,0.4,1.6,1.9,1.0,0.7,0.2,0.6,1.8,4.2
55,Corey Brewer\breweco01,SF,30,HOU,58,8,15.9,1.6,3.9,.414,0.4,1.6,.234,1.2,2.3,.541,.463,0.6,0.8,.727,0.4,1.6,2.0,1.1,0.7,0.2,0.6,1.8,4.2
55,Corey Brewer\breweco01,SF,30,LAL,2,0,8.5,1.0,2.5,.400,0.5,0.5,1.000,0.5,2.0,.250,.500,1.0,1.0,1.000,0.5,0.5,1.0,0.5,0.5,0.0,0.0,1.5,3.5
56,Malcolm Brogdon\brogdma01,SG,24,MIL,58,12,25.6,3.6,8.1,.444,1.0,2.4,.417,2.6,5.7,.456,.506,1.5,1.8,.843,0.6,2.1,2.6,4.2,1.2,0.1,1.6,1.9,9.7
57,Aaron Brooks\brookaa01,PG,32,IND,48,0,13.8,1.9,4.8,.404,0.7,2.1,.333,1.2,2.6,.460,.478,0.5,0.6,.793,0.3,0.8,1.1,2.1,0.5,0.2,1.0,1.4,5.0
58,Anthony Brown\brownan02,SF,24,TOT,11,0,14.5,1.6,4.5,.360,0.6,2.5,.259,1.0,2.1,.478,.430,0.0,0.0,,0.7,2.3,3.0,0.7,0.5,0.1,0.5,1.4,3.9
58,Anthony Brown\brownan02,SF,24,NOP,9,0,15.9,1.6,4.6,.341,0.7,2.7,.250,0.9,1.9,.471,.415,0.0,0.0,,0.7,2.2,2.9,0.7,0.6,0.1,0.6,1.4,3.8
58,Anthony Brown\brownan02,SF,24,ORL,2,0,8.0,2.0,4.5,.444,0.5,1.5,.333,1.5,3.0,.500,.500,0.0,0.0,,1.0,2.5,3.5,1.0,0.0,0.0,0.5,1.0,4.5
59,Bobby Brown\brownbo02,PG,32,HOU,18,0,3.0,0.4,1.7,.267,0.2,0.8,.267,0.2,0.8,.267,.333,0.0,0.0,,0.0,0.3,0.3,0.1,0.0,0.0,0.1,0.1,1.1
60,Jaylen Brown\brownja02,SF,20,BOS,56,15,16.1,2.2,5.0,.443,0.5,1.4,.342,1.8,3.6,.483,.491,1.2,1.7,.699,0.6,2.1,2.6,0.7,0.5,0.3,0.8,1.7,6.1
61,Nicolas Brussino\brussni01,SF,23,DAL,37,0,6.9,0.6,1.6,.377,0.3,1.1,.286,0.3,0.5,.579,.475,0.2,0.2,.667,0.3,0.9,1.2,0.7,0.3,0.1,0.3,0.6,1.7
62,Reggie Bullock\bullore01,SF,25,DET,15,3,14.9,1.9,4.4,.439,0.7,2.1,.313,1.3,2.3,.559,.515,0.1,0.3,.500,0.4,1.6,2.0,0.8,0.4,0.2,0.4,1.0,4.7
63,Trey Burke\burketr01,PG,24,WAS,53,0,12.4,2.0,4.5,.444,0.5,1.2,.419,1.5,3.3,.452,.498,0.4,0.5,.741,0.1,0.7,0.8,1.8,0.2,0.1,0.8,1.0,4.9
64,Alec Burks\burksal01,SG,25,UTA,23,0,14.8,2.4,5.3,.447,0.5,1.7,.308,1.9,3.7,.512,.496,1.3,1.9,.682,0.2,1.5,1.7,0.7,0.5,0.1,0.8,1.4,6.6
65,Jimmy Butler\butleji01,SF,27,CHI,53,52,36.8,7.5,16.7,.448,1.2,3.5,.346,6.3,13.2,.476,.485,8.1,9.4,.867,1.6,4.7,6.3,5.1,1.8,0.3,2.1,1.7,24.3
66,Bruno Caboclo\cabocbr01,SF,21,TOR,8,0,2.9,0.1,0.6,.200,0.1,0.4,.333,0.0,0.3,.000,.300,0.0,0.0,,0.4,0.4,0.8,0.4,0.3,0.0,0.3,0.4,0.4
67,Jose Calderon\caldejo01,PG,35,LAL,24,11,12.2,1.3,3.2,.416,0.5,1.4,.353,0.8,1.8,.465,.494,0.2,0.2,1.000,0.3,1.4,1.7,2.1,0.3,0.0,1.1,0.9,3.3
68,Kentavious Caldwell-Pope\caldwke01,SG,23,DET,54,54,34.0,5.2,12.6,.411,2.2,5.8,.377,3.0,6.8,.440,.498,2.1,2.5,.830,0.8,2.7,3.4,2.8,1.3,0.2,1.2,1.7,14.6
69,Isaiah Canaan\canaais01,SG,25,CHI,33,0,17.3,1.8,5.0,.372,0.7,2.7,.273,1.1,2.3,.487,.445,0.8,0.9,.903,0.2,1.2,1.4,1.1,0.6,0.0,0.6,1.1,5.3
70,Clint Capela\capelca01,C,22,HOU,46,40,23.1,5.4,8.2,.653,0.0,0.0,,5.4,8.2,.653,.653,1.3,2.6,.508,2.3,5.2,7.5,0.9,0.5,1.4,1.3,2.6,12.0
71,DeMarre Carroll\carrode01,SF,30,TOR,55,55,27.4,3.3,8.1,.411,1.6,4.6,.350,1.7,3.4,.492,.511,1.3,1.7,.758,0.9,3.2,4.1,1.0,1.1,0.4,0.8,2.0,9.5
72,Vince Carter\cartevi01,SG,40,MEM,52,0,24.1,2.7,6.8,.388,1.5,4.0,.364,1.2,2.8,.422,.494,1.3,1.8,.728,0.5,2.7,3.2,1.8,0.8,0.5,0.6,2.3,8.1
73,Michael Carter-Williams\cartemi01,PG,25,CHI,27,19,21.7,3.0,7.8,.389,0.3,1.7,.200,2.7,6.1,.440,.410,1.7,2.2,.763,0.7,3.9,4.5,2.6,0.8,0.4,1.7,2.5,8.1
74,Omri Casspi\casspom01,SF,28,TOT,23,2,18.3,2.5,5.5,.460,0.6,1.4,.394,2.0,4.0,.484,.512,0.5,0.9,.571,0.9,3.1,4.0,1.1,0.4,0.0,0.8,1.1,6.1
74,Omri Casspi\casspom01,SF,28,SAC,22,2,18.0,2.4,5.3,.453,0.5,1.3,.379,1.9,4.0,.477,.500,0.5,1.0,.571,0.9,3.2,4.1,1.2,0.5,0.0,0.8,1.0,5.9
74,Omri Casspi\casspom01,SF,28,NOP,1,0,24.0,5.0,9.0,.556,2.0,4.0,.500,3.0,5.0,.600,.667,0.0,0.0,,1.0,1.0,2.0,0.0,0.0,0.0,2.0,3.0,12.0
75,Willie Cauley-Stein\caulewi01,C,23,SAC,53,1,14.1,2.7,4.9,.552,0.0,0.0,.000,2.7,4.9,.556,.552,0.8,1.4,.608,0.9,2.0,2.9,0.6,0.5,0.5,0.7,1.8,6.3
76,Tyson Chandler\chandty01,C,34,PHO,47,46,27.6,3.3,4.9,.671,0.0,0.0,,3.3,4.9,.671,.671,1.9,2.6,.734,3.3,8.1,11.4,0.6,0.7,0.5,1.4,2.7,8.4
77,Wilson Chandler\chandwi01,SF,29,DEN,53,20,30.9,6.2,13.6,.455,1.5,4.5,.339,4.7,9.1,.511,.510,2.0,2.7,.732,1.7,5.1,6.7,2.1,0.8,0.4,1.8,2.4,15.8
78,Marquese Chriss\chrisma01,PF,19,PHO,59,52,19.0,3.0,7.0,.427,0.7,2.4,.303,2.3,4.6,.493,.479,1.1,1.8,.606,1.1,2.4,3.5,0.6,0.8,0.6,1.1,3.1,7.8
79,Rakeem Christmas\chrisra01,PF,25,IND,10,0,7.3,0.9,1.8,.500,0.0,0.0,,0.9,1.8,.500,.500,0.8,0.9,.889,1.1,1.3,2.4,0.1,0.1,0.5,0.4,1.2,2.6
80,Semaj Christon\chrisse01,PG,24,OKC,42,0,14.6,1.3,3.9,.335,0.2,1.0,.182,1.1,2.9,.392,.360,0.3,0.6,.480,0.3,1.0,1.4,2.2,0.3,0.1,0.7,1.3,3.1
81,Ian Clark\clarkia01,SG,25,GSW,54,0,14.1,2.5,5.2,.480,0.9,2.2,.393,1.6,3.0,.543,.562,0.6,0.7,.750,0.3,1.2,1.5,1.2,0.6,0.1,0.6,0.9,6.4
82,Jordan Clarkson\clarkjo01,SG,24,LAL,60,3,27.4,5.5,12.3,.450,1.3,3.8,.329,4.3,8.5,.505,.501,1.5,1.9,.772,0.7,2.3,2.9,2.1,1.3,0.1,1.9,1.9,13.8
83,Darren Collison\collida01,PG,29,SAC,52,48,30.9,5.2,10.8,.477,1.3,2.9,.428,3.9,7.9,.495,.535,2.0,2.3,.860,0.4,1.8,2.2,4.3,1.1,0.1,1.6,1.8,13.6
84,Nick Collison\collini01,PF,36,OKC,14,0,5.8,0.4,0.7,.600,0.0,0.0,,0.4,0.7,.600,.600,0.3,0.5,.571,0.3,0.7,1.0,0.6,0.1,0.1,0.2,0.6,1.1
85,Mike Conley\conlemi01,PG,29,MEM,48,47,32.7,6.4,14.3,.445,2.4,5.8,.410,4.0,8.5,.469,.528,4.3,5.1,.841,0.5,3.0,3.6,6.2,1.3,0.3,2.2,1.7,19.4
86,Pat Connaughton\connapa01,SG,24,POR,27,0,7.2,0.7,1.4,.487,0.3,0.6,.438,0.4,0.9,.522,.577,0.3,0.3,.778,0.3,0.8,1.1,0.6,0.1,0.1,0.2,0.5,1.9
87,Quinn Cook\cookqu01,G,23,DAL,1,0,17.0,1.0,5.0,.200,0.0,3.0,.000,1.0,2.0,.500,.200,0.0,0.0,,0.0,2.0,2.0,2.0,0.0,0.0,2.0,1.0,2.0
88,DeMarcus Cousins\couside01,C,26,TOT,58,58,34.1,9.1,20.0,.454,1.7,4.8,.350,7.4,15.2,.487,.496,7.7,9.9,.773,2.1,8.7,10.8,4.8,1.4,1.3,3.7,3.7,27.6
88,DeMarcus Cousins\couside01,C,26,SAC,55,55,34.4,9.2,20.3,.451,1.7,4.9,.354,7.5,15.5,.482,.494,7.7,10.0,.770,2.1,8.6,10.7,4.8,1.4,1.3,3.8,3.7,27.8
88,DeMarcus Cousins\couside01,C,26,NOP,3,3,29.3,7.3,14.0,.524,1.0,4.0,.250,6.3,10.0,.633,.560,7.7,9.3,.821,3.0,10.0,13.0,4.7,2.7,1.3,3.0,4.3,23.3
89,Robert Covington\covinro01,SF,26,PHI,53,53,31.4,4.2,10.6,.393,2.0,6.2,.327,2.2,4.5,.483,.488,1.8,2.3,.797,1.4,4.9,6.4,1.6,2.0,0.9,1.9,3.0,12.2
90,Allen Crabbe\crabbal01,SG,24,POR,58,7,28.4,3.6,7.9,.459,1.5,3.5,.428,2.2,4.5,.483,.552,1.5,1.7,.871,0.3,2.4,2.7,1.2,0.6,0.2,0.9,2.2,10.3
91,Jamal Crawford\crawfja01,SG,36,LAC,59,1,26.7,4.4,10.9,.402,1.4,4.0,.340,3.0,6.9,.438,.464,2.0,2.4,.838,0.2,1.4,1.7,2.8,0.7,0.2,1.8,1.4,12.2
92,Jae Crowder\crowdja01,SF,26,BOS,50,50,32.4,4.6,10.0,.464,2.2,5.6,.400,2.4,4.4,.546,.576,2.3,2.7,.844,0.6,4.7,5.3,2.1,1.0,0.3,0.9,2.3,13.8
93,Dante Cunningham\cunnida01,SF,29,NOP,45,27,24.9,2.4,5.4,.439,1.1,2.8,.389,1.3,2.6,.492,.539,0.2,0.3,.571,0.8,3.3,4.1,0.7,0.5,0.5,0.5,1.7,6.0
94,Seth Curry\curryse01,PG,26,DAL,55,27,28.7,4.7,9.9,.478,1.9,4.4,.430,2.8,5.4,.517,.575,1.0,1.2,.824,0.4,2.2,2.6,2.8,1.2,0.1,1.3,1.9,12.3
95,Stephen Curry\curryst01,PG,28,GSW,58,58,33.4,8.3,17.8,.467,4.0,9.8,.407,4.3,8.0,.540,.578,4.2,4.6,.918,0.6,3.7,4.3,6.3,1.7,0.2,2.9,2.2,24.8
96,Troy Daniels\danietr01,SG,25,MEM,45,3,17.2,2.9,7.4,.389,2.1,5.2,.397,0.8,2.2,.367,.529,0.8,1.0,.804,0.3,1.0,1.3,0.7,0.4,0.0,0.6,1.4,8.6
97,Anthony Davis\davisan02,C,23,NOP,56,56,36.3,10.3,20.6,.502,0.5,1.7,.309,9.8,18.9,.519,.514,7.0,8.7,.798,2.3,9.6,11.9,2.2,1.3,2.4,2.6,2.4,28.1
98,Deyonta Davis\davisde01,C,20,MEM,26,0,7.2,0.8,1.5,.513,0.0,0.0,,0.8,1.5,.513,.513,0.3,0.7,.529,0.7,1.3,2.0,0.1,0.0,0.6,0.3,1.2,1.9
99,Ed Davis\davised01,PF,27,POR,46,12,17.2,1.6,3.1,.528,0.0,0.0,,1.6,3.1,.528,.528,1.1,1.8,.617,2.1,3.2,5.3,0.6,0.3,0.5,0.8,3.0,4.3
100,Dewayne Dedmon\dedmode01,C,27,SAS,52,14,17.5,2.3,3.6,.632,0.0,0.0,,2.3,3.6,.632,.632,0.9,1.3,.710,1.7,5.0,6.7,0.7,0.6,0.9,0.7,2.4,5.4
101,Sam Dekker\dekkesa01,SF,22,HOU,61,1,19.5,3.0,6.2,.477,0.9,2.7,.331,2.0,3.5,.592,.550,0.6,1.0,.586,1.4,2.4,3.8,1.0,0.6,0.3,0.6,1.2,7.4
102,Malcolm Delaney\delanma01,PG,27,ATL,59,2,17.8,2.2,5.7,.384,0.4,1.6,.250,1.8,4.1,.434,.418,1.1,1.3,.805,0.2,1.6,1.8,2.8,0.6,0.0,1.4,1.6,5.8
103,Matthew Dellavedova\dellama01,PG,26,MIL,53,46,26.6,2.6,6.9,.379,0.9,2.8,.336,1.7,4.2,.407,.446,1.1,1.4,.806,0.3,1.7,2.0,5.2,0.8,0.0,1.8,2.0,7.3
104,Luol Deng\denglu01,SF,31,LAL,56,49,26.5,2.9,7.6,.386,0.9,2.9,.311,2.0,4.7,.433,.446,0.8,1.1,.730,1.1,4.1,5.3,1.3,0.9,0.4,0.8,1.1,7.6
105,DeMar DeRozan\derozde01,SG,27,TOR,53,53,35.6,10.0,21.3,.468,0.4,1.6,.253,9.6,19.7,.485,.477,7.6,8.9,.850,1.0,4.4,5.4,3.7,1.1,0.2,2.4,1.9,27.9
106,Cheick Diallo\diallch01,PF,20,NOP,9,0,10.4,1.9,4.3,.436,0.0,0.0,,1.9,4.3,.436,.436,0.8,1.1,.700,1.3,2.2,3.6,0.3,0.3,0.3,0.2,1.0,4.6
107,Boris Diaw\diawbo01,PF,34,UTA,50,21,17.9,2.0,4.4,.448,0.3,1.2,.259,1.7,3.3,.515,.482,0.4,0.5,.800,0.5,1.4,1.9,2.2,0.3,0.0,1.3,1.2,4.7
108,Gorgui Dieng\dienggo01,PF,27,MIN,60,60,31.9,4.2,8.3,.507,0.2,0.5,.355,4.0,7.8,.517,.518,1.5,1.9,.779,2.3,5.7,7.9,1.8,1.1,1.0,1.3,3.2,10.1
109,Spencer Dinwiddie\dinwisp01,PG,23,BRK,35,16,21.6,2.3,5.2,.448,0.6,1.5,.423,1.7,3.7,.457,.508,1.9,2.3,.823,0.3,2.4,2.7,3.0,0.6,0.3,1.1,2.1,7.1
110,Toney Douglas\douglto01,PG,30,MEM,16,0,17.4,1.9,5.3,.369,0.4,2.1,.182,1.6,3.2,.490,.405,1.1,1.3,.850,0.4,2.4,2.8,2.4,0.8,0.3,0.9,1.9,5.3
111,Goran Dragic\dragigo01,PG,30,MIA,52,52,34.1,7.4,15.2,.485,1.6,3.9,.423,5.8,11.4,.506,.539,3.9,5.0,.788,0.8,3.1,3.9,6.1,1.1,0.2,3.1,2.8,20.3
112,Andre Drummond\drumman01,C,23,DET,58,58,30.5,6.4,12.0,.530,0.0,0.1,.333,6.3,11.9,.532,.532,1.9,4.4,.424,4.1,9.8,13.8,1.0,1.7,1.2,2.1,2.9,14.6
113,Jared Dudley\dudleja01,PF,31,PHO,42,7,20.8,2.5,5.2,.479,1.3,3.0,.432,1.2,2.2,.543,.604,0.6,1.0,.634,0.5,2.7,3.2,1.6,0.6,0.2,1.1,2.4,6.9
114,Mike Dunleavy\dunlemi02,SF,36,TOT,42,2,16.0,1.8,4.1,.431,1.0,2.6,.394,0.8,1.5,.492,.555,0.6,0.8,.765,0.3,1.9,2.2,0.9,0.3,0.1,0.6,1.3,5.2
114,Mike Dunleavy\dunlemi02,SF,36,CLE,23,2,15.9,1.6,3.9,.400,0.9,2.5,.351,0.7,1.4,.485,.511,0.6,0.8,.737,0.2,1.8,2.0,0.9,0.3,0.1,0.6,1.4,4.6
114,Mike Dunleavy\dunlemi02,SF,36,ATL,19,0,16.2,2.1,4.4,.464,1.2,2.7,.442,0.8,1.7,.500,.601,0.6,0.8,.800,0.4,2.1,2.4,0.9,0.3,0.1,0.6,1.2,5.9
115,Kris Dunn\dunnkr01,PG,22,MIN,56,6,16.6,1.4,3.8,.374,0.3,0.9,.280,1.2,2.9,.402,.407,0.5,0.9,.588,0.3,1.8,2.2,2.5,0.9,0.4,1.3,2.1,3.6
116,Kevin Durant\duranke01,SF,28,GSW,58,58,34.1,9.1,16.9,.538,1.9,5.1,.378,7.2,11.8,.606,.595,5.6,6.4,.876,0.7,7.7,8.4,4.9,1.1,1.7,2.3,1.9,25.8
117,Henry Ellenson\ellenhe01,PF,20,DET,14,0,4.0,0.6,1.6,.348,0.3,1.0,.286,0.3,0.6,.444,.435,0.1,0.1,1.000,0.1,0.7,0.9,0.3,0.0,0.0,0.4,0.2,1.5
118,Wayne Ellington\ellinwa01,SG,29,MIA,40,13,25.8,3.8,9.5,.405,2.2,6.3,.355,1.6,3.2,.504,.522,0.8,0.9,.865,0.3,1.8,2.1,1.3,0.7,0.1,0.6,1.3,10.7
119,Monta Ellis\ellismo01,SG,31,IND,52,23,27.2,3.2,7.2,.449,0.5,1.6,.306,2.7,5.6,.491,.484,1.5,1.8,.792,0.2,2.7,2.8,3.5,0.9,0.3,1.9,2.1,8.4
120,Joel Embiid\embiijo01,C,22,PHI,31,31,25.4,6.5,13.8,.466,1.2,3.2,.367,5.3,10.7,.495,.508,6.2,7.9,.783,2.0,5.9,7.8,2.1,0.9,2.5,3.8,3.6,20.2
121,James Ennis\ennisja01,SF,26,MEM,45,22,25.1,2.6,5.4,.473,1.0,2.3,.413,1.6,3.1,.518,.562,1.5,1.9,.786,1.3,2.9,4.2,1.0,0.8,0.3,1.1,2.8,7.5
122,Tyler Ennis\ennisty01,PG,22,TOT,32,0,6.4,0.8,2.1,.403,0.2,0.6,.389,0.6,1.5,.408,.455,0.1,0.1,.667,0.2,0.5,0.6,1.1,0.2,0.0,0.8,0.9,2.0
122,Tyler Ennis\ennisty01,PG,22,HOU,31,0,6.3,0.8,2.1,.391,0.2,0.5,.375,0.6,1.5,.396,.438,0.1,0.1,.667,0.1,0.5,0.6,1.1,0.2,0.0,0.8,0.9,1.9
122,Tyler Ennis\ennisty01,PG,22,LAL,1,0,8.0,2.0,3.0,.667,1.0,2.0,.500,1.0,1.0,1.000,.833,0.0,0.0,,1.0,0.0,1.0,2.0,1.0,0.0,0.0,0.0,5.0
123,Tyreke Evans\evansty01,SG,27,TOT,29,1,18.9,3.6,8.9,.405,0.9,2.7,.321,2.7,6.2,.441,.453,1.9,2.4,.783,0.2,3.2,3.4,3.5,0.9,0.2,1.6,1.7,9.9
123,Tyreke Evans\evansty01,SG,27,NOP,26,0,18.2,3.5,8.7,.401,0.8,2.7,.300,2.7,6.0,.446,.447,1.7,2.2,.776,0.2,3.1,3.3,3.5,0.9,0.2,1.5,1.6,9.5
123,Tyreke Evans\evansty01,SG,27,SAC,3,1,24.3,4.3,10.0,.433,1.3,2.7,.500,3.0,7.3,.409,.500,3.0,3.7,.818,0.0,4.7,4.7,3.3,0.7,1.0,2.3,2.3,13.0
124,Dante Exum\exumda01,PG,21,UTA,44,17,18.3,2.4,5.4,.435,0.6,2.3,.270,1.8,3.2,.554,.492,0.8,1.0,.857,0.4,1.5,1.9,1.7,0.3,0.2,1.1,2.3,6.2
125,Kenneth Faried\farieke01,PF,27,DEN,49,29,22.0,3.7,6.5,.559,0.0,0.1,.000,3.7,6.4,.568,.559,2.4,3.5,.690,3.1,4.7,7.8,0.9,0.7,0.7,1.0,2.1,9.7
126,Jordan Farmar\farmajo01,PG,30,SAC,2,0,17.5,2.0,6.0,.333,2.0,4.5,.444,0.0,1.5,.000,.500,0.0,0.0,,0.5,1.0,1.5,4.5,1.0,0.0,1.5,0.5,6.0
127,Derrick Favors\favorde01,PF,25,UTA,42,34,23.5,4.0,8.3,.478,0.0,0.2,.250,3.9,8.1,.484,.481,1.5,2.3,.639,1.8,4.4,6.1,1.0,0.9,0.9,1.2,2.1,9.4
128,Kay Felder\feldeka01,PG,21,CLE,37,0,9.5,1.5,3.7,.394,0.2,0.5,.350,1.3,3.2,.402,.420,0.9,1.2,.711,0.1,0.9,1.0,1.3,0.4,0.2,0.7,1.0,4.0
129,Cristiano Felicio\feliccr01,C,24,CHI,50,0,15.9,1.9,3.4,.556,0.0,0.0,,1.9,3.4,.556,.556,1.1,1.6,.659,2.1,2.8,4.9,0.6,0.4,0.2,0.5,1.8,4.9
130,Raymond Felton\feltora01,PG,32,LAC,57,11,22.5,3.1,7.1,.437,0.8,2.1,.370,2.3,5.0,.465,.491,0.6,0.8,.800,0.5,2.4,2.9,2.6,0.9,0.3,1.1,1.8,7.6
131,Yogi Ferrell\ferreyo01,PG,23,TOT,23,10,24.8,3.2,8.0,.400,1.4,3.8,.375,1.8,4.2,.423,.489,1.4,1.8,.786,0.5,1.9,2.4,3.5,0.9,0.2,1.6,1.8,9.3
131,Yogi Ferrell\ferreyo01,PG,23,BRK,10,0,15.1,1.8,4.9,.367,0.8,2.7,.296,1.0,2.2,.455,.449,1.0,1.6,.625,0.4,0.8,1.2,1.7,0.2,0.2,1.4,1.1,5.4
131,Yogi Ferrell\ferreyo01,PG,23,DAL,13,10,32.2,4.3,10.5,.412,1.9,4.7,.410,2.4,5.8,.413,.504,1.8,2.0,.885,0.6,2.7,3.3,4.8,1.4,0.2,1.8,2.3,12.3
132,Dorian Finney-Smith\finnedo01,PF,23,DAL,58,29,20.6,1.6,3.9,.404,0.7,2.3,.318,0.8,1.6,.527,.498,0.6,0.8,.766,0.6,2.0,2.6,0.8,0.6,0.3,0.6,1.7,4.5
133,Bryn Forbes\forbebr01,SG,23,SAS,20,0,4.8,0.5,1.4,.357,0.2,0.7,.286,0.3,0.7,.429,.429,0.1,0.1,1.000,0.1,0.4,0.4,0.2,0.1,0.0,0.0,0.5,1.3
134,Evan Fournier\fournev01,SG,24,ORL,47,45,33.2,5.9,13.6,.431,1.6,4.8,.336,4.3,8.8,.482,.490,3.3,4.0,.814,0.7,2.6,3.3,3.3,1.0,0.1,2.3,2.8,16.6
135,Randy Foye\foyera01,SG,33,BRK,45,16,18.9,1.8,5.0,.366,1.0,3.0,.331,0.8,2.0,.420,.467,0.7,0.8,.811,0.2,2.2,2.4,2.1,0.4,0.2,1.4,1.5,5.3
136,Tim Frazier\fraziti01,PG,26,NOP,44,23,24.5,2.9,7.0,.417,0.7,2.0,.330,2.3,5.0,.452,.464,1.8,2.3,.782,0.5,2.3,2.8,5.5,0.8,0.1,1.8,2.2,8.3
137,Channing Frye\fryech01,C,33,CLE,51,7,18.9,3.2,7.5,.428,1.9,4.8,.402,1.3,2.7,.474,.556,0.9,1.1,.855,0.6,3.2,3.8,0.7,0.4,0.5,0.7,1.9,9.2
138,Danilo Gallinari\gallida01,SF,28,DEN,47,47,33.9,5.1,11.7,.437,1.8,4.8,.376,3.3,6.9,.480,.515,5.4,6.0,.887,0.6,4.4,5.0,2.2,0.7,0.2,1.4,1.5,17.4
139,Langston Galloway\gallola01,PG,25,TOT,57,0,19.9,2.9,7.8,.372,1.8,4.7,.374,1.1,3.1,.368,.485,0.7,0.9,.769,0.4,1.8,2.1,1.2,0.7,0.1,0.5,1.3,8.3
139,Langston Galloway\gallola01,PG,25,NOP,55,0,20.4,3.0,8.0,.374,1.8,4.9,.377,1.2,3.1,.370,.489,0.7,0.9,.769,0.4,1.8,2.2,1.2,0.7,0.1,0.5,1.4,8.6
139,Langston Galloway\gallola01,PG,25,SAC,2,0,7.5,0.0,1.5,.000,0.0,1.0,.000,0.0,0.5,.000,.000,0.0,0.0,,0.0,0.5,0.5,1.0,0.0,0.0,0.0,0.0,0.0
140,Marc Gasol\gasolma01,C,32,MEM,57,57,34.4,7.5,16.1,.465,1.4,3.7,.383,6.1,12.4,.489,.509,4.1,4.9,.848,0.8,5.3,6.2,4.4,0.9,1.4,2.2,2.4,20.5
141,Pau Gasol\gasolpa01,C,36,SAS,41,39,26.2,4.8,9.4,.513,0.6,1.2,.521,4.2,8.2,.512,.546,1.7,2.6,.660,1.5,6.4,8.0,2.6,0.4,1.1,1.2,1.7,11.9
142,Rudy Gay\gayru01,SF,30,SAC,30,30,33.8,6.7,14.7,.455,1.4,3.8,.372,5.3,11.0,.483,.502,3.9,4.6,.855,1.2,5.2,6.3,2.7,1.5,0.9,2.5,2.6,18.7
143,Michael Gbinije\gbinimi01,SG,24,DET,9,0,3.6,0.1,1.1,.100,0.0,0.4,.000,0.1,0.7,.167,.100,0.2,0.2,1.000,0.2,0.1,0.3,0.2,0.0,0.0,0.0,0.2,0.4
144,Alonzo Gee\geeal01,SF,29,DEN,13,0,6.8,0.2,1.1,.214,0.0,0.2,.000,0.2,0.8,.273,.214,0.4,0.7,.556,0.3,0.8,1.1,0.5,0.4,0.1,0.3,1.1,0.8
145,Paul George\georgpa01,SF,26,IND,53,53,35.3,7.5,17.1,.441,2.2,5.9,.378,5.3,11.2,.474,.506,4.3,4.7,.916,0.9,5.3,6.2,3.3,1.5,0.3,2.9,2.7,21.7
146,Jonathan Gibson\gibsojo01,PG,29,DAL,17,0,13.6,2.1,5.6,.368,0.9,2.6,.333,1.2,2.9,.400,.447,1.2,1.7,.724,0.1,1.2,1.3,1.5,0.5,0.0,1.2,1.2,6.2
147,Taj Gibson\gibsota01,PF,31,TOT,57,55,27.1,5.0,9.7,.514,0.0,0.2,.167,4.9,9.5,.522,.516,1.5,2.1,.719,2.1,4.7,6.9,1.1,0.5,0.9,1.4,2.2,11.5
147,Taj Gibson\gibsota01,PF,31,CHI,55,55,27.3,5.0,9.6,.521,0.0,0.2,.167,5.0,9.4,.529,.523,1.5,2.2,.714,2.2,4.8,7.0,1.1,0.5,0.9,1.4,2.2,11.6
147,Taj Gibson\gibsota01,PF,31,OKC,2,0,21.0,4.0,11.0,.364,0.0,0.0,,4.0,11.0,.364,.364,1.0,1.0,1.000,1.0,3.5,4.5,0.5,0.5,0.0,0.5,2.0,9.0
148,Manu Ginobili\ginobma01,SG,39,SAS,51,0,18.5,2.5,6.4,.383,1.3,3.3,.405,1.1,3.1,.361,.488,1.4,1.7,.824,0.4,1.9,2.3,2.5,1.2,0.3,1.3,1.7,7.6
149,Rudy Gobert\goberru01,C,24,UTA,59,59,33.6,4.5,7.0,.640,0.0,0.0,.000,4.5,7.0,.642,.640,4.0,6.0,.668,3.9,8.9,12.8,1.1,0.7,2.5,1.9,3.0,13.0
150,Archie Goodwin\goodwar01,SG,22,NOP,3,0,10.0,0.7,1.7,.400,0.3,0.7,.500,0.3,1.0,.333,.500,3.3,3.3,1.000,0.0,0.0,0.0,0.3,0.0,0.3,0.0,0.3,5.0
151,Aaron Gordon\gordoaa01,SF,21,ORL,58,50,27.6,4.3,10.0,.432,1.0,3.4,.286,3.4,6.6,.506,.480,1.6,2.5,.657,1.3,3.3,4.6,2.0,0.7,0.4,1.1,2.1,11.2
152,Eric Gordon\gordoer01,SG,28,HOU,55,8,30.4,5.8,14.1,.413,3.5,9.2,.381,2.3,4.9,.474,.537,1.9,2.3,.833,0.3,2.3,2.6,2.7,0.6,0.5,1.7,2.0,17.1
153,Marcin Gortat\gortama01,C,32,WAS,57,57,34.4,5.2,8.9,.587,0.0,0.0,.000,5.2,8.9,.588,.587,1.4,2.1,.678,3.2,8.1,11.3,1.6,0.6,1.0,1.5,3.0,11.8
154,Treveon Graham\grahatr01,SG,23,CHO,19,1,5.9,0.4,0.9,.389,0.3,0.4,.625,0.1,0.5,.200,.528,0.4,0.5,.700,0.1,0.7,0.8,0.3,0.1,0.0,0.1,0.7,1.4
155,Jerami Grant\grantje01,SF,22,TOT,58,4,21.2,2.1,4.6,.470,0.6,1.5,.376,1.6,3.1,.514,.530,1.3,2.1,.626,0.4,2.3,2.8,0.6,0.5,1.1,0.6,2.0,6.2
155,Jerami Grant\grantje01,SF,22,PHI,2,0,20.5,3.0,8.5,.353,0.0,1.0,.000,3.0,7.5,.400,.353,2.0,4.0,.500,0.0,3.5,3.5,0.0,0.0,2.0,1.5,2.5,8.0
155,Jerami Grant\grantje01,SF,22,OKC,56,4,21.2,2.1,4.4,.478,0.6,1.5,.386,1.5,2.9,.524,.543,1.3,2.1,.635,0.5,2.3,2.8,0.6,0.5,1.1,0.5,2.0,6.1
156,Jerian Grant\grantje02,PG,24,CHI,48,18,16.4,1.9,4.7,.410,0.7,2.0,.361,1.2,2.7,.446,.487,1.2,1.3,.875,0.3,1.4,1.6,1.6,0.7,0.1,0.8,1.6,5.8
157,Danny Green\greenda02,SG,29,SAS,50,50,26.6,2.7,6.5,.415,1.9,4.6,.407,0.8,1.9,.436,.560,0.3,0.4,.833,0.4,2.9,3.2,1.8,1.1,0.8,1.0,1.8,7.6
158,Draymond Green\greendr01,PF,26,GSW,56,56,32.6,3.6,8.3,.428,1.1,3.4,.321,2.5,4.9,.502,.494,1.9,2.8,.675,1.3,6.8,8.1,7.2,2.1,1.4,2.4,3.0,10.1
159,Gerald Green\greenge01,SG,31,BOS,36,0,11.4,2.0,5.0,.403,0.8,2.3,.366,1.2,2.8,.434,.486,0.6,0.7,.808,0.4,1.4,1.8,0.8,0.2,0.1,0.4,1.1,5.5
160,JaMychal Green\greenja01,PF,26,MEM,58,58,28.6,3.2,6.6,.483,0.7,1.9,.369,2.5,4.7,.529,.536,1.9,2.4,.803,2.2,5.1,7.4,1.2,0.7,0.5,1.3,3.5,9.0
161,Jeff Green\greenje02,SF,30,ORL,58,11,23.1,3.2,8.2,.386,0.8,2.9,.278,2.3,5.3,.446,.436,2.3,2.6,.862,0.6,2.5,3.1,1.2,0.5,0.2,1.1,1.4,9.4
162,Blake Griffin\griffbl01,PF,27,LAC,39,39,33.7,8.2,16.8,.489,0.4,1.1,.341,7.8,15.7,.500,.501,5.5,7.3,.754,2.1,6.6,8.7,5.1,1.1,0.5,2.3,2.6,22.3
163,Justin Hamilton\hamilju01,C,26,BRK,50,6,19.5,2.7,6.1,.446,0.9,3.0,.303,1.8,3.0,.589,.521,0.5,0.7,.706,1.2,3.2,4.5,0.9,0.5,0.8,0.7,1.5,6.8
164,A.J. Hammons\hammoaj01,C,24,DAL,17,0,4.5,0.5,1.3,.409,0.2,0.4,.667,0.3,0.9,.313,.500,0.1,0.6,.200,0.3,0.9,1.2,0.1,0.0,0.4,0.2,0.6,1.4
165,Tim Hardaway\hardati02,SG,24,ATL,57,17,25.2,4.8,10.8,.442,1.8,5.2,.350,3.0,5.7,.526,.526,1.6,2.3,.721,0.3,2.2,2.5,2.1,0.6,0.2,1.2,1.2,13.0
166,James Harden\hardeja01,PG,27,HOU,61,61,36.5,8.1,18.7,.437,3.2,9.1,.349,5.0,9.6,.520,.522,9.3,11.0,.851,1.1,7.0,8.1,11.3,1.5,0.5,5.8,2.6,28.8
167,Maurice Harkless\harklma01,SF,23,POR,54,47,29.2,4.3,8.9,.484,1.1,3.0,.356,3.3,5.9,.550,.545,1.0,1.5,.663,1.6,3.1,4.7,1.0,1.2,0.9,1.2,2.8,10.7
168,Montrezl Harrell\harremo01,PF,23,HOU,49,14,18.4,3.9,6.0,.647,0.0,0.1,.333,3.9,6.0,.651,.649,1.3,2.0,.636,1.5,2.2,3.7,1.2,0.4,0.7,0.8,2.0,9.1
169,Devin Harris\harride01,PG,33,DAL,42,0,16.8,1.9,5.1,.366,0.9,2.6,.330,1.0,2.5,.404,.451,1.6,1.9,.835,0.2,1.8,2.0,1.8,0.6,0.1,0.8,1.5,6.1
170,Gary Harris\harriga01,SG,22,DEN,35,34,28.9,5.3,11.0,.482,1.9,4.3,.430,3.5,6.7,.515,.566,1.7,2.3,.750,0.9,2.3,3.1,2.5,1.2,0.2,1.3,1.6,14.2
171,Joe Harris\harrijo01,SG,25,BRK,50,11,22.1,3.0,7.0,.429,1.7,4.3,.390,1.4,2.8,.489,.547,0.7,1.0,.714,0.3,2.6,2.9,1.1,0.6,0.2,1.1,2.3,8.4
172,Tobias Harris\harrito02,PF,24,DET,59,38,31.7,6.3,13.0,.485,1.3,3.9,.341,5.0,9.2,.546,.536,2.3,2.6,.878,0.6,4.5,5.1,1.6,0.7,0.5,1.3,1.6,16.3
173,Aaron Harrison\harriaa01,SG,22,CHO,5,0,3.4,0.0,0.8,.000,0.0,0.4,.000,0.0,0.4,.000,.000,0.2,0.4,.500,0.0,0.6,0.6,0.6,0.0,0.0,0.0,0.4,0.2
174,Andrew Harrison\harrian01,SG,22,MEM,54,15,21.6,1.7,5.2,.318,0.6,2.3,.266,1.1,2.9,.358,.376,2.2,2.9,.769,0.4,1.5,1.9,2.9,0.8,0.3,1.2,2.9,6.2
175,Udonis Haslem\hasleud01,C,36,MIA,16,0,8.1,0.7,1.4,.500,0.0,0.1,.000,0.7,1.3,.550,.500,0.6,0.9,.600,0.5,1.7,2.2,0.4,0.3,0.1,0.5,1.3,1.9
176,Spencer Hawes\hawessp01,PF,28,CHO,35,1,17.9,3.0,6.2,.477,0.5,1.6,.291,2.5,4.7,.540,.514,0.9,1.0,.882,0.9,3.3,4.2,1.8,0.4,0.7,1.1,1.7,7.3
177,Gordon Hayward\haywago01,SF,26,UTA,52,52,34.7,7.4,15.7,.470,2.0,5.1,.390,5.4,10.6,.509,.534,5.8,6.7,.862,0.7,5.0,5.6,3.5,0.9,0.3,1.9,1.7,22.5
178,Gerald Henderson\hendege02,SG,29,PHI,54,38,24.3,3.5,8.0,.442,0.9,2.3,.373,2.7,5.7,.471,.497,2.1,2.4,.848,0.4,2.2,2.6,1.7,0.6,0.2,0.9,1.7,10.0
179,John Henson\hensojo01,C,26,MIL,48,38,20.1,2.8,5.4,.512,0.0,0.0,.000,2.8,5.4,.514,.512,1.5,2.1,.707,1.4,3.7,5.1,1.1,0.5,1.3,1.0,2.7,7.0
180,Juan Hernangomez\hernaju01,PF,21,DEN,42,4,12.4,1.5,3.2,.455,0.6,1.5,.429,0.8,1.7,.479,.556,0.8,1.1,.702,0.8,2.1,2.9,0.5,0.5,0.3,0.4,1.0,4.3
181,Willy Hernangomez\hernawi01,C,22,NYK,52,6,16.4,2.8,5.2,.545,0.1,0.2,.250,2.8,4.9,.559,.550,1.1,1.5,.740,2.0,4.1,6.1,1.1,0.4,0.6,1.2,1.8,6.8
182,Mario Hezonja\hezonma01,SF,21,ORL,43,2,12.0,1.6,4.3,.370,0.6,1.9,.325,1.0,2.3,.406,.443,0.3,0.4,.765,0.2,1.5,1.8,0.8,0.4,0.2,0.9,1.0,4.1
183,Roy Hibbert\hibbero01,C,30,CHO,42,13,16.0,1.9,3.4,.542,0.0,0.0,,1.9,3.4,.542,.542,1.5,1.8,.813,1.3,2.4,3.6,0.5,0.2,1.0,0.7,2.3,5.2
184,Buddy Hield\hieldbu01,SG,23,TOT,60,37,20.7,3.3,8.3,.398,1.6,4.2,.366,1.8,4.1,.431,.491,0.6,0.7,.878,0.3,2.6,3.0,1.3,0.3,0.1,0.9,1.4,8.8
184,Buddy Hield\hieldbu01,SG,23,NOP,57,37,20.4,3.2,8.3,.392,1.6,4.2,.369,1.7,4.1,.416,.486,0.5,0.6,.879,0.3,2.6,2.9,1.4,0.3,0.1,0.8,1.4,8.6
184,Buddy Hield\hieldbu01,SG,23,SAC,3,0,26.3,4.7,9.3,.500,1.3,4.3,.308,3.3,5.0,.667,.571,2.3,2.7,.875,0.0,4.0,4.0,1.0,0.7,0.0,2.7,0.7,13.0
185,Nene Hilario\hilarne01,C,34,HOU,51,7,17.2,3.2,5.3,.611,0.1,0.1,.429,3.2,5.2,.616,.617,1.8,3.0,.591,1.3,2.6,3.9,0.9,0.8,0.7,1.1,2.5,8.3
186,George Hill\hillge01,PG,30,UTA,34,34,31.8,6.1,12.7,.479,2.1,5.1,.413,4.0,7.6,.523,.561,3.4,4.3,.795,0.5,2.9,3.4,4.0,1.1,0.3,1.6,2.5,17.7
187,Jordan Hill\hilljo01,C,29,MIN,5,0,8.0,0.8,2.2,.364,0.0,0.0,,0.8,2.2,.364,.364,0.4,0.4,1.000,1.4,1.2,2.6,0.0,0.2,0.0,0.6,1.8,2.0
188,Solomon Hill\hillso01,SF,25,NOP,58,49,28.6,2.1,5.5,.391,1.1,3.1,.348,1.1,2.3,.449,.491,1.2,1.5,.816,0.5,3.2,3.7,1.7,0.9,0.4,1.0,2.3,6.6
189,Darrun Hilliard\hillida01,SG,23,DET,27,1,10.7,1.1,3.6,.323,0.3,1.3,.250,0.8,2.2,.367,.370,0.6,0.9,.708,0.1,0.9,1.0,0.9,0.3,0.0,0.7,1.1,3.3
190,Jrue Holiday\holidjr01,PG,26,NOP,45,39,32.6,6.2,13.5,.457,1.5,4.0,.374,4.6,9.4,.493,.513,2.1,2.9,.705,0.8,3.3,4.1,7.4,1.6,0.6,3.2,2.4,15.9
191,Justin Holiday\holidju01,SG,27,NYK,60,2,19.5,2.6,6.3,.415,1.2,3.4,.358,1.4,3.0,.480,.511,1.0,1.2,.814,0.4,2.5,2.9,1.1,0.8,0.4,0.8,1.5,7.4
192,Rondae Hollis-Jefferson\holliro01,SF,22,BRK,54,26,21.9,2.7,6.4,.429,0.2,0.9,.216,2.5,5.4,.466,.445,2.4,3.2,.759,0.9,4.3,5.3,2.1,1.0,0.5,1.6,2.3,8.1
193,Richaun Holmes\holmeri01,C,23,PHI,34,2,16.6,2.9,5.4,.536,0.3,0.8,.370,2.6,4.6,.564,.563,1.0,1.6,.630,1.6,2.8,4.4,0.8,0.6,1.0,0.8,2.0,7.1
194,Rodney Hood\hoodro01,SG,24,UTA,42,42,28.4,4.9,11.9,.413,2.0,5.5,.365,2.9,6.3,.455,.498,1.5,2.0,.768,0.3,3.3,3.5,1.8,0.6,0.2,1.2,2.3,13.3
195,Al Horford\horfoal01,C,30,BOS,48,48,32.8,5.6,12.4,.450,1.4,4.2,.338,4.1,8.2,.508,.508,1.5,1.9,.811,1.3,5.3,6.6,4.9,0.7,1.5,1.7,2.3,14.1
196,Danuel House\houseda01,SG,23,WAS,1,0,1.0,0.0,0.0,,0.0,0.0,,0.0,0.0,,,0.0,0.0,,0.0,1.0,1.0,0.0,0.0,0.0,0.0,0.0,0.0
197,Dwight Howard\howardw01,C,31,ATL,54,54,29.3,5.2,8.2,.637,0.0,0.0,.000,5.2,8.1,.640,.637,3.0,5.5,.540,4.2,8.6,12.9,1.2,0.9,1.3,2.1,2.9,13.4
198,Marcelo Huertas\huertma01,PG,33,LAL,23,1,10.3,1.1,3.0,.368,0.2,0.8,.211,0.9,2.1,.429,.397,0.4,0.7,.529,0.1,1.0,1.0,2.3,0.4,0.1,0.8,0.7,2.7
199,Josh Huestis\huestjo01,PF,25,OKC,1,0,7.0,3.0,4.0,.750,1.0,2.0,.500,2.0,2.0,1.000,.875,0.0,0.0,,2.0,2.0,4.0,1.0,0.0,1.0,0.0,0.0,7.0
200,Kris Humphries\humphkr01,PF,31,ATL,45,1,11.8,1.6,3.6,.448,0.3,0.9,.366,1.3,2.7,.475,.494,1.1,1.4,.790,1.0,2.4,3.4,0.5,0.2,0.4,0.5,1.2,4.7
201,R.J. Hunter\hunterj01,SG,23,CHI,3,0,3.0,0.0,0.3,.000,0.0,0.3,.000,0.0,0.0,,.000,0.0,0.0,,0.0,0.3,0.3,0.0,0.0,0.0,0.0,0.0,0.0
202,Serge Ibaka\ibakase01,PF,27,TOT,59,59,30.8,6.2,12.6,.488,1.5,3.9,.386,4.7,8.7,.533,.547,1.4,1.6,.842,1.8,5.1,6.8,1.0,0.6,1.6,1.2,2.6,15.2
202,Serge Ibaka\ibakase01,PF,27,ORL,56,56,30.5,6.1,12.6,.488,1.5,3.8,.388,4.6,8.7,.532,.547,1.4,1.6,.846,1.8,5.0,6.8,1.1,0.6,1.6,1.2,2.5,15.1
202,Serge Ibaka\ibakase01,PF,27,TOR,3,3,35.3,6.7,13.7,.488,1.7,4.7,.357,5.0,9.0,.556,.549,1.0,1.3,.750,1.3,5.7,7.0,0.7,1.0,1.0,1.3,4.0,16.0
203,Andre Iguodala\iguodan01,SF,33,GSW,57,0,25.7,2.4,4.9,.493,0.8,2.2,.354,1.6,2.7,.608,.573,0.7,1.0,.712,0.7,3.3,4.0,3.5,1.0,0.4,0.8,1.2,6.4
204,Ersan Ilyasova\ilyaser01,PF,29,TOT,59,40,26.6,5.1,11.7,.433,1.9,5.4,.349,3.2,6.3,.505,.514,1.9,2.5,.772,1.3,4.5,5.9,1.7,0.6,0.3,1.4,2.5,13.9
204,Ersan Ilyasova\ilyaser01,PF,29,OKC,3,0,20.7,2.0,5.3,.375,1.0,4.0,.250,1.0,1.3,.750,.469,0.0,0.0,,0.7,4.7,5.3,0.3,1.0,0.3,1.3,1.7,5.0
204,Ersan Ilyasova\ilyaser01,PF,29,PHI,53,40,27.3,5.4,12.2,.440,2.0,5.6,.359,3.4,6.6,.509,.522,2.1,2.7,.768,1.3,4.6,5.9,1.8,0.6,0.3,1.5,2.5,14.8
204,Ersan Ilyasova\ilyaser01,PF,29,ATL,3,0,19.3,2.3,8.0,.292,0.3,2.7,.125,2.0,5.3,.375,.313,2.0,2.3,.857,1.7,3.7,5.3,1.0,0.3,0.3,1.0,2.3,7.0
205,Joe Ingles\inglejo01,SF,29,UTA,59,15,22.0,2.3,4.9,.466,1.3,3.0,.438,1.0,1.9,.509,.600,0.6,0.8,.809,0.2,2.7,2.9,2.4,1.2,0.1,1.1,1.9,6.5
206,Brandon Ingram\ingrabr01,SF,19,LAL,60,21,28.0,2.9,7.9,.371,0.7,2.4,.299,2.2,5.5,.403,.417,1.7,2.6,.649,0.7,3.3,4.1,2.0,0.5,0.4,1.3,1.9,8.3
207,Kyrie Irving\irvinky01,PG,24,CLE,52,52,35.1,9.2,19.7,.466,2.4,6.2,.383,6.8,13.5,.504,.526,3.9,4.4,.903,0.7,2.6,3.3,6.0,1.2,0.3,2.7,2.1,24.6
208,Jarrett Jack\jackja01,PG,33,NOP,1,0,25.0,2.0,3.0,.667,0.0,1.0,.000,2.0,2.0,1.000,.667,2.0,2.0,1.000,0.0,0.0,0.0,4.0,1.0,0.0,2.0,3.0,6.0
209,Demetrius Jackson\jacksde01,PG,22,BOS,5,0,3.4,0.6,0.8,.750,0.2,0.2,1.000,0.4,0.6,.667,.875,0.6,1.2,.500,0.4,0.4,0.8,0.6,0.0,0.0,0.0,0.0,2.0
210,Pierre Jackson\jackspi01,PG,25,DAL,8,1,10.5,1.6,4.9,.333,0.4,1.4,.273,1.3,3.5,.357,.372,0.8,0.9,.857,0.1,1.0,1.1,2.4,0.3,0.0,0.4,0.6,4.4
211,Reggie Jackson\jacksre01,PG,26,DET,38,38,28.3,5.6,13.0,.426,1.4,3.7,.366,4.2,9.3,.450,.479,2.5,2.9,.856,0.4,1.8,2.2,5.5,0.8,0.1,2.4,2.6,15.0
212,LeBron James\jamesle01,SF,32,CLE,54,54,37.5,9.6,17.7,.541,1.7,4.4,.387,7.9,13.3,.592,.589,4.8,6.9,.691,1.1,6.7,7.9,8.9,1.4,0.6,4.3,1.7,25.7
213,Al Jefferson\jeffeal01,C,32,IND,57,1,14.6,3.7,7.4,.506,0.0,0.0,.000,3.7,7.4,.507,.506,1.1,1.4,.772,1.2,3.1,4.3,0.9,0.3,0.3,0.5,1.9,8.5
214,Richard Jefferson\jefferi01,SF,36,CLE,57,8,19.9,1.8,4.2,.434,0.7,2.3,.302,1.2,2.0,.584,.514,1.1,1.4,.763,0.4,2.0,2.4,1.0,0.3,0.1,0.7,1.8,5.4
215,John Jenkins\jenkijo01,SG,25,PHO,4,0,3.3,0.5,1.3,.400,0.3,0.5,.500,0.3,0.8,.333,.500,0.5,0.5,1.000,0.0,0.3,0.3,0.3,0.0,0.0,0.0,0.0,1.8
216,Brandon Jennings\jennibr01,PG,27,NYK,58,11,24.6,2.8,7.4,.380,1.2,3.4,.340,1.6,3.9,.415,.459,1.8,2.3,.756,0.4,2.2,2.6,4.9,0.9,0.1,1.8,1.4,8.6
217,Jonas Jerebko\jerebjo01,PF,29,BOS,59,5,16.6,1.6,3.6,.441,0.6,1.8,.346,1.0,1.8,.533,.526,0.4,0.4,.840,0.8,2.6,3.4,0.9,0.4,0.3,0.6,1.7,4.1
218,Amir Johnson\johnsam01,PF,29,BOS,59,56,19.7,2.6,4.6,.572,0.3,0.8,.400,2.3,3.8,.607,.606,0.8,1.2,.662,1.5,3.1,4.6,1.7,0.5,0.7,0.9,2.6,6.3
219,Brice Johnson\johnsbr02,PF,22,LAC,1,0,3.0,0.0,1.0,.000,0.0,0.0,,0.0,1.0,.000,.000,0.0,0.0,,1.0,1.0,2.0,0.0,0.0,0.0,1.0,0.0,0.0
220,James Johnson\johnsja01,PF,29,MIA,55,0,26.5,4.5,9.5,.478,1.1,3.3,.344,3.4,6.2,.548,.537,1.8,2.6,.706,0.9,4.0,4.9,3.4,0.9,1.1,2.3,2.7,12.0
221,Joe Johnson\johnsjo02,SF,35,UTA,58,8,22.6,3.2,7.3,.438,1.2,3.0,.402,2.0,4.3,.462,.520,0.7,0.9,.811,0.4,2.6,3.0,1.7,0.4,0.2,0.9,1.2,8.4
222,Stanley Johnson\johnsst04,SF,20,DET,55,0,16.6,1.6,4.1,.400,0.5,1.6,.311,1.1,2.5,.459,.462,0.5,0.8,.667,0.4,1.8,2.3,1.3,0.7,0.3,0.8,1.6,4.3
223,Tyler Johnson\johnsty01,PG,24,MIA,52,0,30.5,4.9,11.4,.431,1.2,3.5,.356,3.7,7.9,.464,.485,2.7,3.6,.763,0.7,3.5,4.2,3.3,1.2,0.7,1.1,2.5,13.8
224,Wesley Johnson\johnswe01,SF,29,LAC,51,3,12.9,1.2,3.2,.376,0.5,1.8,.277,0.7,1.4,.507,.455,0.2,0.3,.647,0.5,2.6,3.1,0.4,0.5,0.5,0.3,1.4,3.2
225,Nikola Jokic\jokicni01,C,21,DEN,52,38,26.8,6.3,11.0,.573,0.6,1.7,.348,5.7,9.3,.614,.600,2.4,2.9,.816,3.1,5.8,8.9,4.4,0.8,0.8,2.1,3.1,15.6
226,Damian Jones\jonesda03,C,21,GSW,8,0,5.6,0.5,0.9,.571,0.0,0.0,,0.5,0.9,.571,.571,0.4,0.8,.500,0.8,0.6,1.4,0.0,0.1,0.3,0.6,1.1,1.4
227,Derrick Jones\jonesde02,SF,19,PHO,9,0,5.3,0.9,1.2,.727,0.0,0.0,,0.9,1.2,.727,.727,0.3,0.3,1.000,0.3,0.2,0.6,0.3,0.1,0.2,0.4,0.2,2.1
228,James Jones\jonesja02,SF,36,CLE,37,1,7.2,1.0,1.8,.554,0.8,1.3,.592,0.2,0.4,.438,.777,0.2,0.4,.643,0.1,0.6,0.6,0.2,0.1,0.2,0.2,0.7,3.0
229,Terrence Jones\joneste01,PF,25,NOP,51,12,24.8,4.5,9.6,.473,0.4,1.5,.253,4.2,8.1,.513,.493,2.0,3.3,.606,1.3,4.7,5.9,1.1,0.8,1.0,0.9,1.3,11.5
230,Tyus Jones\jonesty01,PG,20,MIN,38,0,12.4,1.2,3.0,.400,0.6,1.5,.375,0.7,1.6,.424,.491,0.6,0.8,.767,0.2,0.8,1.0,2.4,0.7,0.1,0.6,0.8,3.6
231,DeAndre Jordan\jordade01,C,28,LAC,59,59,31.5,4.9,7.0,.696,0.0,0.0,.000,4.9,7.0,.697,.696,2.5,5.0,.503,3.6,10.1,13.7,1.2,0.6,1.7,1.6,2.7,12.3
232,Cory Joseph\josepco01,SG,25,TOR,58,4,23.2,3.4,7.7,.443,0.5,1.3,.382,2.9,6.4,.456,.476,1.3,1.6,.787,0.6,2.0,2.6,2.9,0.8,0.1,1.1,1.7,8.6
233,Frank Kaminsky\kaminfr01,C,23,CHO,57,14,25.5,4.2,10.5,.395,1.4,4.5,.316,2.7,6.0,.453,.463,1.5,1.9,.757,0.8,3.9,4.7,2.1,0.8,0.5,1.0,1.8,11.2
234,Enes Kanter\kanteen01,C,24,OKC,49,0,21.6,5.6,10.0,.555,0.1,0.7,.156,5.5,9.4,.583,.560,3.1,3.9,.789,2.6,4.1,6.8,1.1,0.4,0.7,1.7,2.2,14.3
235,Ryan Kelly\kellyry01,PF,25,ATL,10,0,5.0,0.3,1.0,.300,0.2,0.5,.400,0.1,0.5,.200,.400,0.2,0.2,1.000,0.0,1.0,1.0,0.5,0.4,0.2,0.2,0.3,1.0
236,Michael Kidd-Gilchrist\kiddgmi01,SF,23,CHO,58,58,29.7,3.5,7.7,.454,0.0,0.2,.111,3.5,7.6,.461,.455,1.9,2.4,.775,2.1,5.6,7.7,1.4,0.9,1.0,0.7,2.3,8.9
237,Sean Kilpatrick\kilpase01,SG,27,BRK,57,24,25.9,4.5,10.9,.413,1.5,4.5,.345,2.9,6.4,.460,.484,2.8,3.4,.825,0.3,3.8,4.1,2.3,0.7,0.1,2.2,1.8,13.3
238,Brandon Knight\knighbr03,SG,25,PHO,54,5,21.1,3.9,9.7,.398,0.8,2.6,.324,3.0,7.1,.425,.441,2.4,2.9,.857,0.4,1.8,2.2,2.4,0.5,0.1,1.6,1.6,11.0
239,Kyle Korver\korveky01,SG,35,TOT,54,21,27.1,3.7,7.8,.474,2.4,5.3,.455,1.3,2.5,.515,.628,0.6,0.6,.886,0.1,2.8,2.9,1.8,0.6,0.3,1.1,1.6,10.4
239,Kyle Korver\korveky01,SG,35,ATL,32,21,27.9,3.4,7.7,.441,2.0,5.0,.409,1.3,2.7,.500,.573,0.8,0.8,.889,0.0,2.8,2.8,2.3,0.7,0.4,1.3,1.5,9.5
239,Kyle Korver\korveky01,SG,35,CLE,22,0,25.9,4.2,8.0,.520,3.0,5.8,.512,1.2,2.3,.540,.703,0.3,0.4,.875,0.3,2.7,3.0,1.0,0.5,0.2,1.0,1.7,11.6
240,Kosta Koufos\koufoko01,C,27,SAC,60,51,19.3,2.9,4.9,.583,0.0,0.0,.000,2.9,4.9,.585,.583,0.5,0.9,.566,1.6,3.9,5.5,0.6,0.5,0.6,0.9,2.3,6.2
241,Mindaugas Kuzminskas\kuzmimi01,SF,27,NYK,50,3,14.3,2.1,5.1,.417,0.8,2.4,.314,1.4,2.7,.511,.492,0.7,0.9,.795,0.6,1.1,1.8,1.0,0.5,0.2,0.7,1.2,5.7
242,Skal Labissiere\labissk01,PF,20,SAC,11,0,9.4,1.5,3.1,.500,0.0,0.1,.000,1.5,3.0,.515,.500,0.9,1.2,.769,1.3,1.8,3.1,0.4,0.4,0.1,0.5,0.5,4.0
243,Jeremy Lamb\lambje01,SG,24,CHO,39,3,17.7,3.4,7.8,.439,0.6,2.4,.253,2.8,5.4,.524,.479,1.9,2.3,.824,0.5,3.9,4.4,1.1,0.3,0.3,0.6,1.6,9.4
244,Nicolas Laprovittola\laproni01,PG,27,SAS,18,3,9.7,1.1,2.6,.426,0.6,1.5,.370,0.6,1.1,.500,.532,0.5,0.5,1.000,0.1,0.5,0.6,1.6,0.2,0.1,1.1,1.1,3.3
245,Joffrey Lauvergne\lauvejo01,C,25,TOT,51,0,14.5,2.2,4.8,.453,0.5,1.5,.346,1.6,3.3,.503,.508,0.7,1.1,.638,1.0,2.6,3.6,1.0,0.3,0.1,0.8,1.4,5.6
245,Joffrey Lauvergne\lauvejo01,C,25,OKC,50,0,14.8,2.2,4.9,.455,0.5,1.6,.346,1.7,3.3,.506,.510,0.7,1.2,.638,1.0,2.6,3.7,1.0,0.3,0.1,0.8,1.4,5.7
245,Joffrey Lauvergne\lauvejo01,C,25,CHI,1,0,2.0,0.0,1.0,.000,0.0,0.0,,0.0,1.0,.000,.000,0.0,0.0,,0.0,1.0,1.0,0.0,0.0,0.0,0.0,1.0,0.0
246,Zach LaVine\lavinza01,SG,21,MIN,47,47,37.2,6.9,15.1,.459,2.6,6.6,.387,4.4,8.5,.515,.544,2.5,3.0,.836,0.4,3.0,3.4,3.0,0.9,0.2,1.8,2.2,18.9
247,Ty Lawson\lawsoty01,PG,29,SAC,54,18,24.9,3.2,7.4,.430,0.5,1.8,.286,2.7,5.6,.477,.465,2.0,2.5,.806,0.7,1.9,2.6,4.6,1.1,0.1,1.8,1.5,8.9
248,Jake Layman\laymaja01,SF,22,POR,25,0,6.2,0.8,2.3,.333,0.4,1.6,.256,0.4,0.7,.500,.421,0.4,0.5,.692,0.1,0.5,0.6,0.3,0.2,0.1,0.2,0.6,2.3
249,Courtney Lee\leeco01,SG,31,NYK,55,52,31.5,4.1,8.8,.464,1.5,3.6,.426,2.6,5.2,.490,.551,0.8,1.0,.833,0.7,2.6,3.3,2.1,0.9,0.3,0.8,1.8,10.5
250,David Lee\leeda02,PF,33,SAS,57,7,18.6,3.1,5.3,.593,0.0,0.0,,3.1,5.3,.593,.593,1.0,1.5,.702,1.8,3.8,5.6,1.6,0.4,0.4,1.0,1.6,7.3
251,Alex Len\lenal01,C,23,PHO,56,13,19.8,2.8,5.7,.494,0.0,0.1,.200,2.8,5.6,.498,.495,1.8,2.5,.725,1.9,4.5,6.4,0.6,0.4,1.3,1.3,3.0,7.4
252,Kawhi Leonard\leonaka01,SF,25,SAS,53,53,33.3,8.6,17.6,.487,2.0,5.1,.387,6.6,12.5,.528,.543,6.6,7.4,.893,1.2,4.6,5.8,3.3,1.8,0.7,2.1,1.6,25.8
253,Meyers Leonard\leoname01,PF,24,POR,50,7,16.3,1.9,5.3,.363,1.0,3.1,.333,0.9,2.3,.404,.459,0.6,0.7,.882,0.4,2.9,3.3,0.9,0.1,0.4,0.5,2.3,5.5
254,Jon Leuer\leuerjo01,PF,27,DET,53,22,27.3,4.5,8.8,.504,0.8,2.5,.316,3.7,6.3,.579,.549,1.5,1.6,.885,1.4,4.4,5.7,1.7,0.4,0.4,0.9,2.1,11.2
255,Caris LeVert\leverca01,SF,22,BRK,33,2,20.3,2.5,5.9,.418,0.9,3.2,.298,1.5,2.8,.554,.497,1.1,1.5,.725,0.3,2.5,2.8,1.8,0.9,0.2,1.1,1.4,7.0
256,DeAndre Liggins\liggide01,SG,28,CLE,47,19,13.9,1.0,2.5,.395,0.4,0.9,.386,0.6,1.6,.400,.466,0.4,0.7,.677,0.3,1.4,1.6,1.0,0.8,0.3,0.7,1.4,2.8
257,Damian Lillard\lillada01,PG,26,POR,53,53,35.9,8.5,19.4,.436,2.6,7.3,.355,5.9,12.2,.484,.502,6.4,7.1,.899,0.7,4.3,4.9,5.8,0.7,0.3,2.6,2.3,25.9
258,Jeremy Lin\linje01,PG,28,BRK,14,11,23.6,4.8,10.1,.472,1.3,3.7,.346,3.5,6.4,.544,.535,2.2,3.1,.721,0.1,2.8,2.9,5.5,1.2,0.5,2.4,1.1,13.1
259,Shaun Livingston\livinsh01,PG,31,GSW,54,1,17.3,2.4,4.2,.564,0.0,0.0,.000,2.4,4.2,.566,.564,0.5,0.8,.595,0.4,1.6,1.9,1.7,0.5,0.2,0.8,1.5,5.2
260,Kevon Looney\looneke01,C,20,GSW,45,3,9.0,1.2,2.0,.578,0.0,0.2,.250,1.1,1.8,.610,.589,0.5,0.7,.656,0.8,1.6,2.4,0.6,0.3,0.4,0.3,1.4,2.8
261,Brook Lopez\lopezbr01,C,28,BRK,53,53,29.6,7.3,15.5,.468,1.8,5.1,.342,5.5,10.4,.531,.525,4.2,5.1,.821,1.5,3.5,5.1,2.6,0.5,1.8,2.4,2.6,20.5
262,Robin Lopez\lopezro01,C,28,CHI,59,59,28.0,4.5,9.2,.494,0.0,0.0,.000,4.5,9.2,.494,.494,0.9,1.3,.688,3.3,3.5,6.8,0.9,0.2,1.5,1.0,1.8,10.0
263,Kevin Love\loveke01,PF,28,CLE,46,46,31.9,6.3,14.8,.429,2.6,6.7,.384,3.8,8.1,.466,.516,4.7,5.4,.876,2.5,8.6,11.1,1.9,0.9,0.4,2.1,1.8,20.0
264,Kyle Lowry\lowryky01,PG,30,TOR,56,56,37.7,7.2,15.5,.463,3.3,7.9,.417,3.9,7.6,.512,.570,5.1,6.1,.826,0.8,3.9,4.8,6.9,1.4,0.3,2.8,2.9,22.8
265,John Lucas III\lucasjo02,PG,34,MIN,5,0,2.2,0.2,0.8,.250,0.0,0.2,.000,0.2,0.6,.333,.250,0.0,0.0,,0.0,0.0,0.0,0.2,0.4,0.0,0.0,0.0,0.4
266,Timothe Luwawu-Cabarrot\luwawti01,SF,21,PHI,46,1,11.7,1.2,3.1,.390,0.3,1.1,.294,0.9,2.0,.444,.443,1.1,1.4,.800,0.3,1.1,1.4,0.7,0.2,0.1,0.9,1.7,3.8
267,Trey Lyles\lylestr01,PF,21,UTA,57,4,18.3,2.6,7.0,.378,1.1,3.3,.323,1.6,3.7,.429,.455,0.9,1.2,.718,0.8,2.9,3.7,1.2,0.4,0.3,1.0,1.4,7.3
268,Shelvin Mack\macksh01,PG,26,UTA,46,9,21.4,3.0,6.7,.440,0.7,2.1,.316,2.3,4.6,.498,.490,0.8,1.2,.660,0.3,1.8,2.2,2.8,0.8,0.0,1.8,1.7,7.3
269,Ian Mahinmi\mahinia01,C,30,WAS,7,0,12.9,0.7,1.6,.455,0.0,0.0,,0.7,1.6,.455,.455,1.4,2.7,.526,0.6,2.0,2.6,0.1,0.7,0.4,1.0,2.3,2.9
270,Thon Maker\makerth01,PF,19,MIL,33,10,7.7,1.2,2.6,.471,0.6,1.2,.500,0.6,1.4,.447,.582,0.5,0.8,.630,0.5,1.2,1.6,0.2,0.2,0.4,0.3,1.3,3.5
271,Boban Marjanovic\marjabo01,C,28,DET,23,0,6.9,1.4,3.0,.471,0.0,0.0,,1.4,3.0,.471,.471,0.9,1.2,.778,1.3,2.0,3.3,0.2,0.1,0.3,0.3,0.5,3.7
272,Jarell Martin\martija01,PF,22,MEM,40,3,13.5,1.4,3.6,.375,0.2,0.7,.346,1.1,3.0,.381,.406,1.0,1.2,.792,0.9,3.0,3.9,0.2,0.4,0.2,0.7,2.3,3.9
273,Wesley Matthews\matthwe02,SG,30,DAL,56,56,35.3,5.0,12.5,.404,2.6,7.0,.379,2.4,5.5,.436,.510,2.3,2.8,.825,0.2,3.4,3.6,2.5,1.1,0.2,1.4,2.2,15.0
274,Luc Mbah a Moute\mbahalu01,PF,30,LAC,57,53,22.5,2.3,4.7,.481,0.6,1.4,.390,1.7,3.3,.521,.541,0.8,1.1,.719,0.7,1.6,2.3,0.4,1.1,0.5,0.6,1.7,5.9
275,James Michael McAdoo\mcadoja01,PF,24,GSW,32,0,9.2,1.3,2.4,.566,0.0,0.1,.000,1.3,2.3,.589,.566,0.3,0.6,.444,0.6,1.0,1.6,0.4,0.3,0.5,0.4,1.0,2.9
276,Patrick McCaw\mccawpa01,SG,21,GSW,49,4,12.6,1.2,3.0,.415,0.6,1.7,.341,0.7,1.3,.516,.514,0.3,0.4,.682,0.2,0.9,1.1,0.9,0.3,0.2,0.4,0.8,3.4
277,Sheldon McClellan\mcclesh01,SG,24,WAS,26,3,9.6,0.9,2.5,.375,0.2,1.0,.231,0.7,1.5,.474,.422,0.7,0.8,.857,0.2,1.0,1.2,0.6,0.3,0.1,0.1,0.6,2.8
278,C.J. McCollum\mccolcj01,SG,25,POR,58,58,34.6,8.7,18.2,.480,2.4,5.9,.409,6.3,12.3,.513,.546,3.4,3.9,.893,0.8,2.8,3.7,3.6,1.0,0.6,2.3,2.9,23.3
279,T.J. McConnell\mccontj01,PG,24,PHI,58,28,25.0,2.7,5.8,.472,0.1,0.6,.235,2.6,5.2,.498,.484,0.7,0.9,.755,0.4,2.6,3.0,6.1,1.5,0.1,1.8,1.8,6.3
280,Chris McCullough\mcculch01,PF,21,BRK,14,0,5.1,1.1,2.2,.516,0.1,0.4,.167,1.1,1.8,.600,.532,0.1,0.2,.667,0.6,0.6,1.2,0.1,0.1,0.1,0.1,0.5,2.5
281,K.J. McDaniels\mcdankj01,SF,23,TOT,30,0,7.1,1.0,2.3,.456,0.3,0.9,.333,0.7,1.4,.537,.522,0.3,0.3,.900,0.2,0.8,1.0,0.1,0.2,0.3,0.3,0.8,2.7
281,K.J. McDaniels\mcdankj01,SF,23,HOU,29,0,7.3,1.1,2.3,.456,0.3,0.9,.333,0.8,1.4,.537,.522,0.3,0.3,.900,0.2,0.8,1.0,0.1,0.2,0.3,0.3,0.8,2.8
281,K.J. McDaniels\mcdankj01,SF,23,BRK,1,0,2.0,0.0,0.0,,0.0,0.0,,0.0,0.0,,,0.0,0.0,,0.0,0.0,0.0,0.0,0.0,0.0,0.0,0.0,0.0
282,Doug McDermott\mcderdo01,SF,25,TOT,46,4,24.3,3.7,8.4,.442,1.2,3.3,.368,2.5,5.1,.489,.514,1.3,1.5,.884,0.3,2.7,3.0,1.0,0.2,0.1,0.7,1.3,9.9
282,Doug McDermott\mcderdo01,SF,25,CHI,44,4,24.5,3.8,8.5,.445,1.3,3.4,.376,2.5,5.1,.491,.520,1.3,1.5,.881,0.3,2.6,3.0,1.0,0.3,0.1,0.7,1.3,10.2
282,Doug McDermott\mcderdo01,SF,25,OKC,2,0,21.0,2.0,6.0,.333,0.0,1.5,.000,2.0,4.5,.444,.333,1.0,1.0,1.000,1.0,3.5,4.5,0.5,0.0,0.0,1.0,1.5,5.0
283,JaVale McGee\mcgeeja01,C,29,GSW,54,10,9.6,2.7,4.1,.652,0.0,0.1,.000,2.7,4.1,.664,.652,0.6,1.4,.479,1.2,1.9,3.1,0.2,0.2,0.7,0.6,1.4,6.1
284,Rodney McGruder\mcgruro01,SG,25,MIA,56,43,26.0,2.4,5.9,.407,1.0,2.8,.350,1.4,3.1,.459,.491,0.6,0.9,.660,1.3,2.1,3.4,1.5,0.7,0.2,0.7,1.8,6.4
285,Ben McLemore\mclembe01,SG,23,SAC,45,24,18.5,2.6,6.2,.420,1.0,2.7,.388,1.6,3.6,.444,.504,0.8,1.0,.800,0.3,1.3,1.6,0.8,0.5,0.1,0.9,1.5,7.1
286,Jordan McRae\mcraejo01,SG,25,CLE,37,4,10.4,1.6,4.1,.387,0.5,1.4,.353,1.1,2.7,.404,.447,0.7,0.9,.794,0.2,0.9,1.1,0.5,0.2,0.2,0.4,0.8,4.4
287,Josh McRoberts\mcrobjo01,PF,29,MIA,22,14,17.3,2.0,5.4,.373,0.6,1.4,.419,1.4,4.0,.356,.428,0.3,0.4,.667,1.0,2.3,3.4,2.3,0.5,0.2,1.0,1.4,4.9
288,Jodie Meeks\meeksjo01,SG,29,ORL,24,9,21.7,2.9,7.0,.417,1.5,3.7,.404,1.4,3.3,.430,.524,1.6,1.8,.905,0.1,2.1,2.3,1.5,1.2,0.1,1.0,1.2,8.9
289,Salah Mejri\mejrisa01,C,30,DAL,53,11,13.1,1.2,1.7,.663,0.0,0.0,.000,1.2,1.7,.678,.663,0.4,0.7,.639,1.4,3.1,4.5,0.2,0.5,1.0,0.6,2.3,2.7
290,Jordan Mickey\mickejo01,PF,22,BOS,18,1,6.6,0.8,1.7,.484,0.0,0.1,.000,0.8,1.7,.500,.484,0.3,0.6,.600,0.7,0.9,1.6,0.3,0.1,0.2,0.4,0.6,2.0
291,Khris Middleton\middlkh01,SG,25,MIL,6,1,22.0,3.3,8.2,.408,0.7,1.5,.444,2.7,6.7,.400,.449,2.5,2.8,.882,0.2,2.8,3.0,3.3,1.0,0.2,1.3,2.7,9.8
292,C.J. Miles\milescj01,SF,29,IND,54,17,23.0,3.7,8.4,.441,2.2,5.2,.428,1.5,3.2,.462,.574,1.0,1.2,.875,0.3,2.6,2.9,0.6,0.6,0.4,0.5,2.1,10.7
293,Mike Miller\millemi01,SF,36,DEN,15,0,5.5,0.4,0.9,.429,0.4,0.8,.500,0.0,0.1,.000,.643,0.1,0.1,1.000,0.1,1.2,1.3,0.8,0.1,0.0,0.6,0.5,1.3
294,Patty Mills\millspa02,PG,28,SAS,57,4,21.2,3.5,7.8,.453,1.8,4.2,.425,1.8,3.6,.485,.567,0.9,1.0,.847,0.3,1.5,1.8,3.3,0.8,0.0,1.3,1.4,9.8
295,Paul Millsap\millspa01,PF,31,ATL,56,56,33.9,6.2,14.2,.438,1.2,3.6,.320,5.1,10.6,.479,.479,4.3,5.6,.763,1.6,6.2,7.8,3.7,1.4,0.9,2.2,2.7,17.8
296,Nikola Mirotic\mirotni01,PF,25,CHI,50,2,22.9,3.2,8.2,.389,1.5,4.9,.309,1.7,3.3,.509,.482,1.4,1.9,.766,0.7,4.6,5.3,0.9,0.7,0.8,1.1,1.7,9.3
297,Greg Monroe\monrogr01,C,26,MIL,57,0,22.0,4.6,8.7,.532,0.0,0.0,.000,4.6,8.6,.535,.532,2.3,3.1,.732,2.0,4.7,6.7,2.2,1.3,0.5,1.6,1.9,11.5
298,E'Twaun Moore\mooreet01,SG,27,NOP,53,21,24.7,3.9,8.6,.455,1.1,2.9,.392,2.8,5.7,.487,.521,0.7,0.9,.776,0.5,1.7,2.2,2.2,0.8,0.5,0.9,1.9,9.7
299,Marcus Morris\morrima03,SF,27,DET,58,58,33.2,5.4,12.8,.421,1.6,4.7,.338,3.8,8.2,.469,.483,1.8,2.3,.802,1.0,3.8,4.8,2.1,0.8,0.3,1.2,2.0,14.2
300,Markieff Morris\morrima02,PF,27,WAS,55,55,31.9,5.5,12.2,.455,1.0,2.7,.362,4.6,9.5,.481,.495,2.6,3.2,.819,1.5,5.3,6.8,1.8,1.2,0.5,1.9,3.4,14.7
301,Anthony Morrow\morroan01,SG,31,OKC,40,7,15.7,2.2,5.6,.387,0.9,3.0,.294,1.3,2.6,.495,.466,0.6,0.7,.885,0.3,0.5,0.7,0.5,0.5,0.1,0.2,1.0,5.8
302,Donatas Motiejunas\motiedo01,PF,26,NOP,22,0,16.0,1.8,4.0,.460,0.4,1.5,.281,1.4,2.5,.564,.511,0.8,1.6,.500,0.8,2.6,3.4,1.3,0.6,0.3,1.1,2.1,4.9
303,Timofey Mozgov\mozgoti01,C,30,LAL,53,52,20.5,3.1,6.1,.511,0.0,0.0,.000,3.1,6.1,.512,.511,1.2,1.4,.803,1.9,3.0,4.9,0.8,0.3,0.6,1.3,2.4,7.4
304,Emmanuel Mudiay\mudiaem01,PG,20,DEN,45,41,27.6,4.0,10.8,.368,1.1,3.5,.308,2.9,7.3,.398,.419,2.5,3.2,.778,0.6,2.9,3.5,4.1,0.8,0.3,2.4,1.8,11.5
305,Shabazz Muhammad\muhamsh01,SF,24,MIN,56,0,19.4,3.4,7.2,.471,0.8,1.9,.410,2.6,5.3,.493,.525,1.8,2.3,.787,1.0,1.8,2.8,0.5,0.3,0.1,0.7,1.1,9.3
306,Dejounte Murray\murrade01,PG,20,SAS,33,6,7.7,1.3,3.0,.434,0.2,0.6,.421,1.1,2.4,.438,.475,0.5,0.8,.720,0.2,0.8,0.9,1.1,0.2,0.2,1.0,0.7,3.4
307,Jamal Murray\murraja01,SG,19,DEN,59,3,19.9,3.1,8.1,.386,1.3,3.9,.329,1.9,4.3,.438,.465,1.2,1.4,.867,0.6,2.0,2.5,1.7,0.5,0.3,1.3,1.4,8.8
308,Mike Muscala\muscami01,C,25,ATL,53,3,19.1,2.7,5.3,.505,0.7,1.7,.404,2.0,3.6,.553,.570,0.9,1.1,.767,1.2,2.5,3.7,1.4,0.5,0.7,0.8,1.5,6.9
309,Larry Nance Jr.\nancela02,PF,24,LAL,41,0,22.1,2.9,5.3,.548,0.0,0.3,.154,2.9,5.0,.573,.553,0.8,1.1,.723,1.8,3.8,5.6,1.5,1.2,0.7,0.9,2.3,6.7
310,Shabazz Napier\napiesh01,PG,25,POR,34,0,8.3,1.2,3.1,.396,0.6,1.9,.344,0.6,1.2,.476,.500,0.5,0.7,.720,0.1,0.8,0.9,1.0,0.6,0.0,0.7,0.6,3.6
311,Maurice Ndour\ndourma01,PF,24,NYK,22,0,6.8,0.8,1.8,.450,0.0,0.2,.200,0.8,1.6,.486,.463,0.4,0.5,.900,0.4,0.9,1.3,0.0,0.4,0.1,0.2,0.8,2.1
312,Gary Neal\nealga01,SG,32,ATL,2,0,9.0,0.0,3.5,.000,0.0,1.0,.000,0.0,2.5,.000,.000,2.0,2.0,1.000,0.0,0.5,0.5,0.5,0.0,0.0,0.0,0.5,2.0
313,Jameer Nelson\nelsoja01,PG,34,DEN,59,23,26.4,3.6,8.1,.448,1.4,3.6,.390,2.2,4.5,.493,.533,0.6,0.8,.733,0.4,2.0,2.4,5.0,0.7,0.1,1.7,2.7,9.2
314,Raul Neto\netora01,PG,24,UTA,29,0,7.3,0.9,2.0,.458,0.2,0.7,.286,0.7,1.3,.553,.508,0.1,0.1,1.000,0.0,0.7,0.7,0.7,0.4,0.0,0.4,0.9,2.2
315,Georges Niang\niangge01,PF,23,IND,22,0,4.1,0.4,1.6,.250,0.0,0.5,.083,0.4,1.1,.333,.264,0.1,0.1,1.000,0.1,0.6,0.7,0.2,0.1,0.0,0.2,0.3,1.0
316,Andrew Nicholson\nichoan01,PF,27,WAS,28,0,8.3,1.1,2.8,.390,0.1,0.6,.188,1.0,2.2,.443,.409,0.3,0.4,.583,0.4,0.8,1.2,0.3,0.4,0.2,0.4,1.3,2.5
317,Joakim Noah\noahjo01,C,31,NYK,46,46,22.1,2.2,4.3,.495,0.0,0.0,.000,2.2,4.3,.497,.495,0.7,1.7,.436,3.5,5.2,8.7,2.2,0.7,0.8,1.3,2.8,5.0
318,Nerlens Noel\noelne01,C,22,TOT,31,7,20.0,3.6,6.0,.608,0.0,0.0,.000,3.6,6.0,.611,.608,1.5,2.2,.687,1.7,3.5,5.2,1.0,1.4,0.9,1.0,2.5,8.8
318,Nerlens Noel\noelne01,C,22,PHI,29,7,19.4,3.7,6.0,.611,0.0,0.0,.000,3.7,6.0,.615,.611,1.5,2.2,.683,1.6,3.4,5.0,1.0,1.4,0.9,1.0,2.4,8.9
318,Nerlens Noel\noelne01,C,22,DAL,2,0,27.5,3.0,5.5,.545,0.0,0.0,,3.0,5.5,.545,.545,1.5,2.0,.750,3.0,5.0,8.0,0.5,1.0,1.0,1.5,4.0,7.5
319,Lucas Nogueira\noguelu01,C,24,TOR,51,6,20.7,2.0,3.0,.682,0.1,0.2,.333,2.0,2.8,.704,.692,0.9,1.3,.657,1.6,3.0,4.6,0.8,1.0,1.7,0.9,2.6,5.0
320,Steve Novak\novakst01,PF,33,MIL,8,0,2.8,0.3,0.9,.286,0.1,0.8,.167,0.1,0.1,1.000,.357,0.0,0.0,,0.0,0.4,0.4,0.0,0.0,0.0,0.0,0.1,0.6
321,Dirk Nowitzki\nowitdi01,PF,38,DAL,33,33,26.2,5.1,12.3,.415,1.5,3.8,.386,3.6,8.5,.429,.475,1.9,2.2,.875,0.5,5.8,6.3,1.6,0.7,0.8,0.8,1.9,13.6
322,Jusuf Nurkic\nurkiju01,C,22,TOT,48,31,18.4,3.4,6.8,.509,0.0,0.0,,3.4,6.8,.509,.509,1.3,2.5,.508,2.0,3.9,5.9,1.4,0.7,0.8,1.9,2.1,8.1
322,Jusuf Nurkic\nurkiju01,C,22,DEN,45,29,17.9,3.4,6.6,.507,0.0,0.0,,3.4,6.6,.507,.507,1.2,2.5,.496,2.0,3.8,5.8,1.3,0.6,0.8,1.8,2.0,8.0
322,Jusuf Nurkic\nurkiju01,C,22,POR,3,2,25.7,4.7,8.7,.538,0.0,0.0,,4.7,8.7,.538,.538,1.7,2.3,.714,2.0,5.7,7.7,2.7,2.3,1.0,2.7,3.7,11.0
323,Johnny O'Bryant\obryajo01,PF,23,DEN,7,0,6.6,1.0,2.1,.467,0.3,0.4,.667,0.7,1.7,.417,.533,0.6,0.6,1.000,0.7,0.9,1.6,0.3,0.0,0.1,0.4,0.6,2.9
324,Kyle O'Quinn\oquinky01,PF,26,NYK,58,8,15.5,2.8,5.3,.531,0.0,0.2,.100,2.8,5.1,.545,.533,0.7,1.0,.737,2.1,3.6,5.6,1.3,0.5,1.4,1.0,2.2,6.4
325,Daniel Ochefu\ochefda01,C,23,WAS,14,0,3.4,0.5,1.1,.438,0.0,0.0,,0.5,1.1,.438,.438,0.0,0.1,.000,0.1,0.9,1.1,0.1,0.1,0.0,0.2,0.9,1.0
326,Jahlil Okafor\okafoja01,C,21,PHI,41,25,23.0,4.8,9.3,.516,0.0,0.0,,4.8,9.3,.516,.516,2.1,3.3,.630,1.7,3.1,4.8,1.1,0.3,1.0,1.6,2.4,11.6
327,Victor Oladipo\oladivi01,SG,24,OKC,48,48,33.7,6.3,14.0,.446,1.9,5.4,.354,4.3,8.6,.505,.515,1.7,2.3,.741,0.6,3.8,4.4,2.5,1.2,0.3,1.6,2.3,16.1
328,Kelly Olynyk\olynyke01,C,25,BOS,53,5,21.2,3.5,6.8,.508,1.1,2.8,.376,2.4,4.0,.601,.586,1.1,1.6,.714,0.9,3.9,4.8,1.9,0.7,0.4,1.3,2.7,9.1
329,Arinze Onuaku\onuakar01,C,29,ORL,8,0,3.5,0.3,0.5,.500,0.0,0.0,,0.3,0.5,.500,.500,0.0,0.0,,0.3,0.5,0.8,0.3,0.0,0.1,0.3,0.4,0.5
330,Chinanu Onuaku\onuakch01,C,20,HOU,2,0,5.0,1.0,1.0,1.000,0.0,0.0,,1.0,1.0,1.000,1.000,1.0,1.0,1.000,0.5,1.0,1.5,0.5,0.5,0.0,0.0,0.5,3.0
331,Kelly Oubre\oubreke01,SF,21,WAS,55,2,20.4,2.3,5.5,.412,0.7,2.5,.295,1.5,2.9,.512,.480,0.9,1.2,.750,0.7,2.6,3.3,0.6,0.7,0.2,0.6,2.5,6.1
332,Zaza Pachulia\pachuza01,C,32,GSW,47,47,18.7,2.3,4.1,.549,0.0,0.0,,2.3,4.1,.549,.549,1.6,2.1,.776,2.1,4.0,6.0,2.0,0.9,0.5,1.2,2.4,6.2
333,Georgios Papagiannis\papagge01,C,19,SAC,6,0,4.3,0.5,0.7,.750,0.0,0.0,,0.5,0.7,.750,.750,0.0,0.0,,0.2,0.7,0.8,0.0,0.0,0.2,0.2,0.5,1.0
334,Jabari Parker\parkeja01,PF,21,MIL,51,50,33.9,7.8,16.0,.490,1.3,3.5,.365,6.5,12.5,.525,.530,3.2,4.3,.743,1.5,4.6,6.1,2.8,1.0,0.4,1.8,2.2,20.1
335,Tony Parker\parketo01,PG,34,SAS,45,45,26.0,4.4,9.4,.474,0.4,1.0,.362,4.1,8.3,.488,.494,1.4,1.8,.793,0.2,1.7,1.9,4.9,0.5,0.0,1.3,1.5,10.7
336,Chandler Parsons\parsoch01,SF,28,MEM,29,29,19.4,2.2,6.5,.344,0.7,2.7,.256,1.6,3.8,.405,.397,1.0,1.2,.857,0.1,2.3,2.4,1.6,0.6,0.1,0.6,1.4,6.2
337,Lamar Patterson\pattela01,SG,25,ATL,5,0,8.0,0.6,3.0,.200,0.2,1.2,.167,0.4,1.8,.222,.233,0.4,0.6,.667,0.2,1.2,1.4,1.2,0.2,0.0,0.8,1.2,1.8
338,Patrick Patterson\pattepa01,PF,27,TOR,43,7,26.6,2.5,6.4,.387,1.5,4.3,.357,0.9,2.1,.449,.507,0.7,1.0,.674,1.1,4.0,5.1,1.4,0.7,0.4,0.7,2.0,7.1
339,Chris Paul\paulch01,PG,31,LAC,38,38,31.2,5.8,12.5,.460,1.9,4.9,.398,3.8,7.6,.500,.538,3.9,4.5,.871,0.7,4.7,5.4,9.8,2.2,0.1,2.4,2.5,17.4
340,Adreian Payne\paynead01,PF,25,MIN,12,0,7.7,1.4,3.3,.436,0.2,0.8,.200,1.3,2.4,.517,.462,1.0,1.3,.800,0.5,1.2,1.7,0.3,0.4,0.3,0.6,1.8,4.0
341,Cameron Payne\payneca01,PG,22,TOT,21,0,15.8,2.1,6.3,.338,0.9,2.6,.327,1.3,3.7,.346,.406,0.2,0.2,1.000,0.1,1.4,1.5,2.0,0.5,0.2,0.9,1.9,5.3
341,Cameron Payne\payneca01,PG,22,OKC,20,0,16.0,2.2,6.5,.331,0.8,2.6,.308,1.4,3.9,.346,.392,0.2,0.2,1.000,0.1,1.5,1.6,2.0,0.5,0.3,0.9,1.9,5.3
341,Cameron Payne\payneca01,PG,22,CHI,1,0,12.0,2.0,3.0,.667,2.0,3.0,.667,0.0,0.0,,1.000,0.0,0.0,,0.0,1.0,1.0,1.0,0.0,0.0,2.0,1.0,6.0
342,Elfrid Payton\paytoel01,PG,22,ORL,60,36,29.0,5.1,11.2,.457,0.6,2.1,.266,4.5,9.0,.502,.482,1.7,2.5,.669,0.8,3.0,3.9,5.7,1.1,0.5,2.1,2.1,12.5
343,Paul Pierce\piercpa01,SF,39,LAC,13,7,11.8,1.2,3.2,.366,0.8,2.1,.370,0.4,1.1,.357,.488,0.6,0.8,.800,0.0,1.4,1.4,0.2,0.2,0.2,0.6,1.9,3.7
344,Marshall Plumlee\plumlma02,C,24,NYK,8,0,8.1,0.4,0.5,.750,0.0,0.0,,0.4,0.5,.750,.750,0.4,0.8,.500,1.0,1.1,2.1,0.5,0.1,0.3,0.5,1.5,1.1
345,Mason Plumlee\plumlma01,C,26,TOT,58,55,27.8,4.3,8.0,.534,0.0,0.1,.000,4.3,7.9,.541,.534,2.3,4.2,.560,2.2,5.8,7.9,3.9,0.9,1.1,1.6,2.8,10.9
345,Mason Plumlee\plumlma01,C,26,POR,54,54,28.1,4.4,8.2,.532,0.0,0.1,.000,4.4,8.1,.538,.532,2.4,4.1,.567,2.2,5.8,8.0,4.0,0.9,1.2,1.6,2.8,11.1
345,Mason Plumlee\plumlma01,C,26,DEN,4,1,24.0,3.3,5.5,.591,0.0,0.3,.000,3.3,5.3,.619,.591,2.3,4.8,.474,1.3,5.5,6.8,3.3,0.8,0.3,1.5,3.3,8.8
346,Miles Plumlee\plumlmi01,C,28,TOT,37,12,10.2,1.0,2.1,.481,0.0,0.0,,1.0,2.1,.481,.481,0.6,0.9,.629,0.7,1.2,1.9,0.5,0.3,0.3,0.7,1.5,2.6
346,Miles Plumlee\plumlmi01,C,28,MIL,32,12,9.7,0.9,2.1,.441,0.0,0.0,,0.9,2.1,.441,.441,0.7,1.1,.629,0.7,0.9,1.7,0.6,0.3,0.3,0.7,1.5,2.6
346,Miles Plumlee\plumlmi01,C,28,CHO,5,0,13.4,1.6,2.2,.727,0.0,0.0,,1.6,2.2,.727,.727,0.0,0.0,,0.8,3.0,3.8,0.4,0.2,0.6,0.6,1.8,3.2
347,Jakob Poeltl\poeltja01,C,21,TOR,34,4,10.4,0.9,1.7,.492,0.0,0.0,,0.9,1.7,.492,.492,0.5,0.9,.533,1.2,1.4,2.6,0.3,0.3,0.3,0.4,2.0,2.2
348,Otto Porter\porteot01,SF,23,WAS,57,57,34.0,5.5,10.4,.528,2.1,4.6,.456,3.4,5.9,.584,.628,1.2,1.5,.795,1.3,5.4,6.7,1.5,1.5,0.6,0.7,2.5,14.3
349,Bobby Portis\portibo01,PF,21,CHI,41,3,12.4,2.0,4.1,.471,0.4,1.0,.375,1.6,3.2,.500,.515,0.6,0.8,.676,1.1,2.3,3.4,0.5,0.2,0.1,0.5,1.2,4.8
350,Kristaps Porzingis\porzikr01,PF,21,NYK,50,49,32.7,6.6,14.8,.447,1.9,4.9,.378,4.8,9.9,.482,.510,3.0,3.8,.784,1.7,5.4,7.0,1.3,0.7,2.0,1.8,3.8,18.1
351,Dwight Powell\poweldw01,C,25,DAL,58,1,17.9,2.6,4.8,.536,0.1,0.4,.231,2.5,4.3,.567,.547,1.4,1.8,.762,1.4,2.9,4.2,0.7,1.0,0.6,0.4,1.8,6.6
352,Norman Powell\powelno01,SG,23,TOR,56,15,17.2,2.7,6.0,.446,0.7,1.9,.339,2.0,4.0,.498,.501,1.3,1.6,.772,0.3,1.8,2.1,1.0,0.7,0.2,0.8,1.5,7.3
353,Ronnie Price\pricero01,PG,33,PHO,2,0,3.5,0.5,0.5,1.000,0.5,0.5,1.000,0.0,0.0,,1.500,0.0,0.0,,0.0,0.0,0.0,0.0,0.5,0.0,0.5,0.0,1.5
354,Tim Quarterman\quartti01,SG,22,POR,13,0,3.4,0.6,1.0,.615,0.2,0.5,.500,0.4,0.5,.714,.731,0.0,0.0,,0.2,0.3,0.5,0.6,0.1,0.2,0.3,0.3,1.5
355,Chasson Randle\randlch01,PG,23,PHI,8,0,9.3,1.5,3.3,.462,0.8,1.9,.400,0.8,1.4,.545,.577,1.5,1.5,1.000,0.0,0.6,0.6,0.8,0.4,0.1,0.4,1.4,5.3
356,Julius Randle\randlju01,PF,22,LAL,52,51,28.3,5.0,10.3,.483,0.1,0.5,.222,4.9,9.8,.497,.489,2.7,3.8,.702,1.8,6.3,8.2,3.6,0.7,0.4,2.4,3.5,12.8
357,Zach Randolph\randoza01,PF,35,MEM,52,3,24.4,6.0,13.2,.453,0.3,1.3,.239,5.7,11.9,.477,.465,1.9,2.5,.756,2.5,5.8,8.3,1.6,0.5,0.2,1.3,2.0,14.2
358,J.J. Redick\redicjj01,SG,32,LAC,56,56,28.5,5.2,11.8,.438,2.6,6.3,.416,2.6,5.6,.463,.548,2.1,2.4,.879,0.2,2.0,2.2,1.3,0.7,0.1,1.3,1.6,15.0
359,Willie Reed\reedwi02,C,26,MIA,50,5,14.7,2.3,4.1,.571,0.0,0.1,.333,2.3,4.0,.575,.574,0.7,1.2,.567,1.8,3.0,4.8,0.3,0.2,0.7,0.4,1.8,5.3
360,Josh Richardson\richajo01,SG,23,MIA,31,20,29.4,4.0,10.3,.388,1.5,4.8,.304,2.5,5.5,.459,.458,0.8,1.1,.735,0.5,2.6,3.1,2.6,0.8,0.5,1.4,2.6,10.3
361,Malachi Richardson\richama01,SG,21,SAC,22,0,9.0,1.3,3.1,.412,0.4,1.3,.286,0.9,1.8,.500,.471,0.7,0.9,.789,0.1,0.9,1.0,0.5,0.2,0.0,0.4,1.0,3.6
362,Austin Rivers\riverau01,SG,24,LAC,57,27,28.3,4.5,10.2,.441,1.6,4.1,.391,2.9,6.1,.476,.520,1.8,2.5,.697,0.3,1.8,2.1,2.9,0.8,0.2,1.5,2.5,12.4
363,Andre Roberson\roberan03,SF,25,OKC,59,59,30.6,2.8,6.1,.454,0.7,2.5,.262,2.1,3.6,.590,.508,0.6,1.5,.420,1.2,4.0,5.2,1.0,1.2,1.0,0.7,2.5,6.8
364,Brian Roberts\roberbr01,PG,31,CHO,23,0,7.8,0.7,2.0,.340,0.3,0.7,.375,0.4,1.3,.323,.404,0.9,1.0,.875,0.1,0.7,0.9,1.3,0.1,0.0,0.4,0.3,2.6
365,Glenn Robinson\robingl02,SF,23,IND,58,27,21.6,2.4,5.1,.468,0.7,1.8,.404,1.7,3.3,.503,.539,0.8,1.1,.714,0.9,2.7,3.6,0.7,0.6,0.3,0.6,1.0,6.3
366,Thomas Robinson\robinth01,PF,25,LAL,35,1,11.2,1.8,3.4,.525,0.0,0.0,,1.8,3.4,.525,.525,0.5,1.1,.432,1.8,2.7,4.5,0.7,0.6,0.3,0.8,1.5,4.0
367,Sergio Rodriguez\rodrise01,PG,30,PHI,54,30,22.6,3.1,8.1,.387,1.4,3.9,.361,1.7,4.2,.410,.473,0.3,0.4,.714,0.3,2.2,2.4,5.1,0.8,0.1,2.1,1.4,7.9
368,Rajon Rondo\rondora01,PG,30,CHI,50,29,26.3,2.9,7.5,.379,0.5,1.6,.305,2.4,5.9,.400,.412,0.4,0.7,.568,0.9,4.2,5.1,6.5,1.4,0.2,2.4,2.0,6.6
369,Derrick Rose\rosede01,PG,28,NYK,51,51,32.4,7.1,15.5,.461,0.3,1.1,.232,6.9,14.4,.479,.470,3.1,3.5,.872,1.1,2.9,4.0,4.4,0.7,0.3,2.4,1.5,17.6
370,Terrence Ross\rosste01,SF,25,TOT,56,2,22.8,4.0,9.1,.440,1.8,4.8,.376,2.2,4.3,.513,.540,0.8,0.9,.830,0.3,2.4,2.6,0.9,1.0,0.4,0.6,1.6,10.6
370,Terrence Ross\rosste01,SF,25,TOR,54,0,22.4,3.9,8.9,.441,1.8,4.7,.375,2.1,4.1,.516,.541,0.8,0.9,.820,0.3,2.3,2.6,0.8,1.0,0.4,0.6,1.5,10.4
370,Terrence Ross\rosste01,SF,25,ORL,2,2,34.0,7.0,16.0,.438,3.0,7.5,.400,4.0,8.5,.471,.531,1.5,1.5,1.000,1.0,3.5,4.5,1.5,2.5,0.5,0.5,2.5,18.5
371,Terry Rozier\roziete01,PG,22,BOS,55,0,18.1,2.1,5.6,.379,0.8,2.3,.341,1.3,3.3,.404,.448,0.7,1.0,.774,0.5,2.5,3.1,1.7,0.6,0.2,0.6,1.0,5.8
372,Ricky Rubio\rubiori01,PG,26,MIN,54,54,32.1,2.8,7.1,.388,0.7,2.5,.289,2.0,4.6,.442,.439,2.8,3.2,.869,0.9,2.9,3.8,8.6,1.8,0.1,2.5,2.6,9.1
373,Damjan Rudez\rudezda01,SF,30,ORL,36,0,7.5,0.7,1.9,.371,0.5,1.5,.352,0.2,0.4,.438,.507,0.0,0.0,,0.1,0.5,0.6,0.5,0.3,0.0,0.2,0.8,2.0
374,Brandon Rush\rushbr01,SG,31,MIN,26,12,18.8,1.3,3.7,.351,0.8,2.2,.379,0.5,1.5,.308,.464,0.3,0.4,.700,0.3,1.6,1.9,0.7,0.5,0.5,0.5,0.6,3.7
375,D'Angelo Russell\russeda01,PG,20,LAL,44,44,26.8,5.2,13.1,.398,2.0,5.7,.345,3.2,7.3,.440,.474,2.2,2.9,.770,0.6,3.2,3.8,4.7,1.3,0.3,2.7,1.9,14.6
376,Domantas Sabonis\sabondo01,PF,20,OKC,59,59,21.5,2.5,6.1,.409,0.7,2.2,.315,1.8,4.0,.460,.464,0.4,0.6,.657,0.6,3.1,3.7,1.1,0.5,0.4,1.1,2.5,6.1
377,Dario Saric\saricda01,PF,22,PHI,59,14,25.0,4.2,10.3,.402,1.2,4.0,.311,2.9,6.4,.459,.461,1.8,2.2,.788,1.4,4.7,6.2,1.9,0.6,0.3,2.0,1.8,11.3
378,Tomas Satoransky\satorto01,SG,25,WAS,40,2,14.0,1.2,2.8,.420,0.2,0.7,.222,1.0,2.1,.482,.446,0.5,0.7,.769,0.5,1.2,1.7,1.9,0.5,0.1,0.8,1.2,3.0
379,Dennis Schroder\schrode01,PG,23,ATL,58,57,30.8,6.7,14.7,.457,1.2,3.6,.337,5.5,11.1,.495,.498,2.8,3.4,.832,0.5,2.5,2.9,6.3,0.8,0.2,3.0,1.7,17.4
380,Luis Scola\scolalu01,PF,36,BRK,36,1,12.8,2.0,4.2,.470,0.5,1.4,.340,1.5,2.8,.535,.526,0.7,1.0,.676,1.4,2.4,3.9,1.0,0.4,0.1,0.9,1.8,5.1
381,Mike Scott\scottmi01,PF,28,ATL,18,0,10.8,0.9,3.2,.293,0.2,1.5,.148,0.7,1.7,.419,.328,0.4,0.4,.875,0.6,1.5,2.1,0.9,0.2,0.2,0.4,0.7,2.5
382,Thabo Sefolosha\sefolth01,SF,32,ATL,47,30,25.5,3.0,6.6,.460,0.6,1.8,.341,2.4,4.8,.504,.506,0.9,1.2,.772,0.8,3.4,4.2,1.6,1.7,0.5,0.9,1.6,7.6
383,Kevin Seraphin\serapke01,PF,27,IND,35,3,11.9,2.1,3.9,.543,0.0,0.1,.000,2.1,3.9,.551,.543,0.1,0.3,.500,0.9,2.2,3.1,0.5,0.1,0.4,0.5,1.3,4.4
384,Ramon Sessions\sessira01,PG,30,CHO,50,1,16.2,2.0,5.3,.380,0.4,1.2,.339,1.6,4.0,.393,.420,1.8,2.4,.771,0.2,1.2,1.5,2.6,0.5,0.1,0.9,0.9,6.2
385,Iman Shumpert\shumpim01,SG,26,CLE,54,18,25.4,2.6,6.3,.412,1.4,3.7,.387,1.2,2.6,.448,.525,1.0,1.3,.765,0.6,2.4,3.0,1.5,1.0,0.3,1.0,2.0,7.6
386,Pascal Siakam\siakapa01,PF,22,TOR,48,38,16.8,2.0,3.9,.503,0.0,0.1,.000,2.0,3.8,.514,.503,0.5,0.7,.688,1.2,2.2,3.5,0.3,0.5,0.9,0.6,2.1,4.4
387,Jonathon Simmons\simmojo02,SG,27,SAS,54,2,17.9,2.3,5.4,.429,0.4,1.2,.288,1.9,4.1,.471,.462,1.4,1.9,.760,0.3,2.0,2.2,1.6,0.6,0.4,1.0,1.9,6.4
388,Kyle Singler\singlky01,SF,28,OKC,27,0,10.4,0.8,2.0,.400,0.2,1.0,.231,0.6,1.1,.552,.455,0.3,0.4,.818,0.1,1.0,1.2,0.2,0.1,0.1,0.4,0.7,2.2
389,Marcus Smart\smartma01,PG,22,BOS,57,22,31.0,3.6,9.5,.378,1.2,4.1,.301,2.4,5.4,.438,.444,2.3,2.9,.783,1.0,2.9,3.9,4.5,1.7,0.4,2.0,2.3,10.7
390,Ish Smith\smithis01,PG,28,DET,58,21,23.5,3.6,8.2,.436,0.3,1.2,.246,3.3,7.0,.468,.454,0.8,1.2,.681,0.2,2.5,2.8,5.0,0.7,0.4,1.4,1.6,8.2
391,J.R. Smith\smithjr01,SG,31,CLE,21,21,28.9,3.0,8.8,.337,2.4,6.6,.362,0.6,2.2,.261,.473,0.3,0.4,.778,0.4,1.8,2.1,1.2,1.2,0.4,0.7,2.2,8.6
392,Jason Smith\smithja02,C,30,WAS,54,0,13.2,2.1,4.0,.535,0.2,0.4,.476,1.9,3.6,.541,.558,0.4,0.7,.667,1.0,2.2,3.2,0.3,0.3,0.7,0.8,2.3,4.9
393,Tony Snell\snellto01,SG,25,MIL,57,57,28.7,2.9,6.4,.456,1.8,4.4,.402,1.2,2.1,.573,.593,0.5,0.7,.769,0.3,3.0,3.3,1.2,0.5,0.2,0.6,1.6,8.1
394,Marreese Speights\speigma01,C,29,LAC,59,1,16.3,3.2,7.2,.443,1.4,3.6,.390,1.8,3.6,.495,.540,1.9,2.2,.882,1.1,3.5,4.6,0.9,0.3,0.5,0.8,2.9,9.7
395,Nik Stauskas\stausni01,SG,23,PHI,57,24,26.8,3.0,7.4,.409,1.6,4.2,.380,1.5,3.3,.446,.515,1.5,1.8,.817,0.2,2.5,2.8,2.2,0.5,0.5,1.5,1.8,9.1
396,Lance Stephenson\stephla01,SG,26,TOT,10,0,21.1,3.4,7.2,.472,0.1,1.1,.091,3.3,6.1,.541,.479,0.6,1.0,.600,0.3,2.2,2.5,3.2,0.2,0.1,1.3,2.0,7.5
396,Lance Stephenson\stephla01,SG,26,NOP,6,0,27.0,4.3,9.2,.473,0.2,1.7,.100,4.2,7.5,.556,.482,0.8,1.3,.625,0.5,2.5,3.0,4.8,0.3,0.2,1.8,3.0,9.7
396,Lance Stephenson\stephla01,SG,26,MIN,4,0,12.3,2.0,4.3,.471,0.0,0.3,.000,2.0,4.0,.500,.471,0.3,0.5,.500,0.0,1.8,1.8,0.8,0.0,0.0,0.5,0.5,4.3
397,Jarnell Stokes\stokeja01,PF,23,DEN,2,0,3.5,0.5,0.5,1.000,0.0,0.0,,0.5,0.5,1.000,1.000,0.5,1.0,.500,0.5,0.5,1.0,1.0,0.5,0.0,0.0,1.5,1.5
398,Diamond Stone\stonedi01,C,19,LAC,7,0,3.4,0.4,1.9,.231,0.0,0.0,,0.4,1.9,.231,.231,0.6,0.6,1.000,0.1,0.7,0.9,0.0,0.0,0.1,0.3,0.7,1.4
399,Rodney Stuckey\stuckro01,PG,30,IND,28,0,18.6,3.0,7.0,.426,0.5,1.6,.333,2.4,5.4,.453,.464,2.6,3.4,.787,0.2,2.1,2.3,2.0,0.5,0.0,1.4,1.3,9.1
400,Jared Sullinger\sullija01,PF,24,TOR,11,1,10.7,1.4,4.4,.313,0.3,1.6,.167,1.1,2.7,.400,.344,0.4,0.7,.500,0.9,1.5,2.5,0.3,0.4,0.1,0.4,1.5,3.4
401,Walter Tavares\tavarwa01,C,24,ATL,1,0,4.0,1.0,1.0,1.000,0.0,0.0,,1.0,1.0,1.000,1.000,0.0,2.0,.000,0.0,1.0,1.0,0.0,0.0,0.0,0.0,0.0,2.0
402,Jeff Teague\teaguje01,PG,28,IND,60,60,32.6,4.9,11.1,.443,1.0,2.9,.349,3.9,8.3,.476,.488,4.6,5.4,.860,0.4,3.8,4.2,8.1,1.4,0.4,2.8,2.2,15.5
403,Mirza Teletovic\teletmi01,PF,31,MIL,48,2,16.0,2.3,6.0,.378,1.5,4.4,.347,0.7,1.6,.467,.507,0.6,0.8,.778,0.2,2.1,2.3,0.7,0.1,0.2,0.7,1.6,6.7
404,Garrett Temple\templga01,SG,30,SAC,49,15,26.6,2.7,6.3,.436,1.2,3.2,.367,1.6,3.0,.510,.531,1.0,1.3,.790,0.6,2.1,2.7,2.3,1.2,0.4,1.0,2.2,7.7
405,Jason Terry\terryja01,SG,39,MIL,50,0,17.2,1.3,3.0,.420,0.9,2.2,.427,0.3,0.8,.400,.577,0.3,0.4,.778,0.2,0.9,1.1,1.3,0.5,0.3,0.5,1.3,3.7
406,Isaiah Thomas\thomais02,PG,27,BOS,56,56,34.5,9.1,19.9,.460,3.2,8.4,.383,5.9,11.4,.516,.541,8.0,8.8,.913,0.6,2.2,2.8,6.2,0.8,0.1,2.7,2.2,29.6
407,Lance Thomas\thomala01,PF,28,NYK,35,8,18.7,1.9,4.7,.394,0.7,1.6,.446,1.1,3.1,.367,.470,0.7,0.9,.813,0.5,1.7,2.3,0.6,0.4,0.1,0.6,1.9,5.2
408,Hollis Thompson\thompho01,SG,25,TOT,34,3,18.3,2.0,5.0,.406,0.8,2.3,.359,1.2,2.7,.446,.488,0.4,0.7,.625,0.4,2.1,2.6,0.9,0.4,0.2,0.3,1.8,5.3
408,Hollis Thompson\thompho01,SG,25,PHI,31,1,18.1,2.1,5.1,.415,0.8,2.3,.366,1.3,2.8,.455,.497,0.4,0.6,.650,0.5,2.2,2.7,0.8,0.5,0.2,0.3,1.8,5.5
408,Hollis Thompson\thompho01,SG,25,NOP,3,2,20.0,1.0,3.7,.273,0.7,2.3,.286,0.3,1.3,.250,.364,0.7,1.3,.500,0.0,1.7,1.7,1.0,0.3,0.0,0.7,1.7,3.3
409,Klay Thompson\thompkl01,SG,26,GSW,57,57,34.1,8.1,17.2,.473,3.3,7.9,.420,4.8,9.3,.519,.570,2.4,2.9,.853,0.7,3.1,3.7,2.1,0.8,0.4,1.8,1.8,22.0
410,Tristan Thompson\thomptr01,C,25,CLE,58,58,30.1,3.3,5.6,.587,0.0,0.1,.000,3.3,5.6,.593,.587,1.5,2.9,.521,3.7,6.0,9.7,0.9,0.5,1.2,0.8,2.3,8.1
411,Marcus Thornton\thornma01,SG,29,WAS,33,1,17.4,2.5,6.4,.400,0.8,2.4,.350,1.7,3.9,.431,.467,0.7,0.8,.852,0.7,1.6,2.3,1.2,0.6,0.1,0.8,1.5,6.6
412,Mike Tobey\tobeymi01,C,22,CHO,2,0,12.5,0.5,2.0,.250,0.0,0.0,,0.5,2.0,.250,.250,0.0,0.0,,1.0,0.5,1.5,0.5,0.0,0.0,0.5,1.0,1.0
413,Anthony Tolliver\tollian01,PF,31,SAC,48,8,23.2,2.4,5.4,.440,1.4,3.6,.390,1.0,1.8,.541,.570,0.9,1.2,.772,0.9,2.9,3.8,1.0,0.6,0.2,0.9,1.6,7.0
414,Karl-Anthony Towns\townska01,C,21,MIN,60,60,36.6,9.3,17.7,.525,1.1,3.3,.344,8.2,14.5,.566,.557,4.3,5.2,.822,3.6,8.6,12.2,2.9,0.7,1.4,2.7,3.0,24.1
415,P.J. Tucker\tuckepj01,SF,31,TOT,60,17,28.4,2.5,6.1,.416,0.8,2.3,.343,1.7,3.8,.460,.481,1.1,1.4,.783,1.7,4.3,6.0,1.3,1.5,0.2,0.9,2.5,6.9
415,P.J. Tucker\tuckepj01,SF,31,PHO,57,17,28.5,2.6,6.2,.416,0.8,2.4,.338,1.8,3.8,.465,.482,1.1,1.4,.792,1.6,4.4,6.0,1.3,1.5,0.2,0.9,2.5,7.0
415,P.J. Tucker\tuckepj01,SF,31,TOR,3,0,25.3,1.3,3.3,.400,0.3,0.3,1.000,1.0,3.0,.333,.450,1.3,2.0,.667,2.0,3.3,5.3,1.0,1.7,0.0,0.0,2.0,4.3
416,Evan Turner\turneev01,SG,28,POR,50,10,26.2,3.9,8.9,.435,0.6,2.0,.283,3.3,6.9,.478,.466,1.4,1.6,.854,0.5,3.3,3.8,3.4,0.8,0.3,1.6,1.8,9.7
417,Myles Turner\turnemy01,C,20,IND,59,59,30.9,5.8,11.2,.520,0.6,1.6,.365,5.2,9.5,.546,.546,3.3,4.2,.798,1.6,5.6,7.1,1.2,0.9,2.1,1.4,3.3,15.5
418,Beno Udrih\udrihbe01,PG,34,DET,30,0,14.0,2.3,5.0,.453,0.3,0.9,.357,1.9,4.1,.475,.487,0.8,0.9,.923,0.2,1.1,1.3,3.0,0.2,0.0,0.8,0.7,5.7
419,Tyler Ulis\ulisty01,PG,21,PHO,38,0,9.2,1.3,3.4,.389,0.2,0.5,.300,1.2,2.9,.405,.412,0.3,0.4,.813,0.2,0.5,0.7,1.4,0.6,0.0,0.8,0.8,3.2
420,Jonas Valanciunas\valanjo01,C,24,TOR,58,58,26.6,5.0,9.1,.549,0.0,0.0,,5.0,9.1,.549,.549,2.3,2.8,.840,2.9,6.8,9.7,0.7,0.5,0.7,1.4,2.8,12.3
421,Denzel Valentine\valende01,SG,23,CHI,34,0,13.4,1.4,3.9,.351,1.0,2.8,.344,0.4,1.1,.368,.474,0.2,0.3,.700,0.1,1.7,1.8,0.9,0.6,0.1,0.7,1.0,3.9
422,Fred VanVleet\vanvlfr01,PG,22,TOR,22,0,7.0,1.0,2.9,.365,0.3,0.8,.389,0.7,2.0,.356,.421,0.4,0.5,.818,0.1,0.9,1.0,0.8,0.5,0.0,0.2,0.8,2.8
423,Anderson Varejao\varejan01,C,34,GSW,14,1,6.6,0.4,1.0,.357,0.0,0.0,,0.4,1.0,.357,.357,0.6,0.8,.727,0.9,1.1,1.9,0.7,0.2,0.2,0.6,1.1,1.3
424,Greivis Vasquez\vasqugr01,PG,30,BRK,3,0,13.0,0.7,2.7,.250,0.3,1.0,.333,0.3,1.7,.200,.313,0.7,1.0,.667,0.0,0.7,0.7,1.7,0.3,0.3,0.3,2.0,2.3
425,Rashad Vaughn\vaughra01,SG,20,MIL,26,0,11.3,1.3,3.8,.354,0.8,2.3,.339,0.6,1.5,.375,.455,0.0,0.1,.500,0.0,1.3,1.3,0.4,0.5,0.2,0.3,0.7,3.5
426,Noah Vonleh\vonleno01,PF,21,POR,50,17,13.4,1.3,3.1,.423,0.1,0.4,.350,1.2,2.7,.434,.446,0.5,0.9,.553,1.3,2.8,4.2,0.2,0.3,0.4,0.8,1.8,3.3
427,Nikola Vucevic\vucevni01,C,26,ORL,57,37,28.6,6.2,13.2,.472,0.3,0.9,.278,6.0,12.3,.486,.481,1.4,2.2,.643,2.2,7.9,10.1,2.8,1.0,1.0,1.7,2.4,14.2
428,Sasha Vujacic\vujacsa01,SG,32,NYK,30,2,7.8,0.7,2.2,.328,0.4,1.3,.308,0.3,0.9,.357,.418,0.4,0.5,.800,0.1,1.0,1.1,0.8,0.3,0.1,0.3,0.8,2.3
429,Dwyane Wade\wadedw01,SG,35,CHI,50,49,30.5,7.2,16.6,.436,0.8,2.5,.320,6.4,14.1,.457,.460,3.9,5.0,.794,1.1,3.5,4.6,4.0,1.5,0.7,2.2,1.9,19.2
430,Dion Waiters\waitedi01,SG,25,MIA,37,34,30.9,6.2,14.7,.419,1.8,4.5,.389,4.4,10.2,.432,.479,1.9,2.8,.663,0.4,3.1,3.5,4.5,1.0,0.5,2.3,2.2,15.9
431,Kemba Walker\walkeke02,PG,26,CHO,58,58,34.6,8.0,17.7,.451,2.8,6.9,.402,5.2,10.9,.482,.529,3.9,4.7,.838,0.6,3.5,4.1,5.4,1.2,0.3,2.3,1.6,22.7
432,John Wall\walljo01,PG,26,WAS,55,55,36.7,8.3,18.4,.452,1.1,3.4,.312,7.2,15.0,.484,.481,5.2,6.4,.814,0.8,3.6,4.5,10.7,2.1,0.6,4.4,2.0,22.9
433,Taurean Waller-Prince\princta02,SF,22,ATL,36,0,11.8,1.3,3.5,.381,0.4,1.2,.295,1.0,2.3,.427,.433,0.9,1.1,.895,0.4,2.0,2.4,0.7,0.5,0.3,0.8,1.2,4.0
434,T.J. Warren\warretj01,SF,23,PHO,46,39,29.5,5.5,11.8,.468,0.4,1.7,.250,5.1,10.2,.503,.485,1.7,2.2,.778,1.6,2.4,4.0,1.0,1.2,0.4,0.8,2.7,13.1
435,C.J. Watson\watsocj01,PG,32,ORL,46,9,16.8,1.5,3.9,.389,0.5,1.6,.338,1.0,2.3,.425,.458,1.1,1.2,.860,0.2,1.2,1.5,1.8,0.7,0.0,0.8,1.2,4.7
436,Briante Weber\weberbr01,PG,24,GSW,7,0,6.6,0.7,2.0,.357,0.0,0.4,.000,0.7,1.6,.455,.357,0.3,0.4,.667,0.0,0.6,0.6,0.7,0.4,0.1,0.4,0.6,1.7
437,David West\westda01,PF,36,GSW,45,0,11.6,1.7,3.2,.527,0.0,0.1,.500,1.7,3.2,.528,.534,0.6,0.8,.757,0.6,2.1,2.7,2.2,0.7,0.6,1.0,1.5,4.1
438,Russell Westbrook\westbru01,PG,28,OKC,59,59,34.7,10.1,23.9,.421,2.2,6.4,.334,7.9,17.4,.453,.466,8.7,10.5,.831,1.8,8.8,10.6,10.3,1.6,0.4,5.5,2.4,31.0
439,Okaro White\whiteok01,PF,24,MIA,17,0,15.3,1.2,2.5,.465,0.6,1.2,.476,0.6,1.3,.455,.581,0.9,1.1,.889,0.7,1.9,2.6,0.6,0.4,0.2,0.5,1.8,3.9
440,Isaiah Whitehead\whiteis01,PG,21,BRK,50,26,21.8,2.7,7.0,.391,0.6,1.9,.323,2.1,5.1,.416,.434,1.1,1.3,.821,0.3,2.1,2.5,2.9,0.6,0.5,2.1,2.5,7.2
441,Hassan Whiteside\whiteha01,C,27,MIA,55,55,32.9,7.0,12.7,.554,0.0,0.0,,7.0,12.7,.554,.554,2.6,4.6,.578,3.7,10.5,14.1,0.7,0.8,2.0,2.1,3.0,16.7
442,Andrew Wiggins\wiggian01,SF,21,MIN,60,60,37.2,8.7,18.7,.464,1.3,3.6,.350,7.4,15.1,.491,.498,4.8,6.4,.757,1.3,2.9,4.2,2.5,1.0,0.4,2.4,2.2,23.4
443,C.J. Wilcox\wilcocj01,SG,26,ORL,17,0,4.6,0.4,1.1,.316,0.1,0.8,.154,0.2,0.4,.667,.368,0.1,0.1,1.000,0.1,0.4,0.5,0.5,0.1,0.1,0.3,0.3,0.9
444,Alan Williams\willial03,PF,24,PHO,25,0,8.5,1.8,3.1,.571,0.0,0.0,,1.8,3.1,.571,.571,0.7,1.2,.567,1.6,2.1,3.7,0.2,0.4,0.6,0.6,1.8,4.2
445,Deron Williams\willide01,PG,32,DAL,40,40,29.3,4.9,11.4,.430,1.6,4.5,.348,3.3,6.8,.484,.499,1.7,2.1,.821,0.3,2.2,2.6,6.9,0.6,0.1,2.4,2.4,13.1
446,Derrick Williams\willide02,PF,25,TOT,32,11,17.0,2.4,5.6,.436,0.5,2.0,.250,1.9,3.6,.539,.480,1.5,2.3,.644,0.5,2.5,3.0,0.7,0.3,0.2,0.6,1.3,6.8
446,Derrick Williams\willide02,PF,25,MIA,25,11,15.1,2.2,5.5,.394,0.4,1.8,.200,1.8,3.7,.489,.427,1.2,2.0,.620,0.6,2.3,2.9,0.6,0.4,0.2,0.6,1.3,5.9
446,Derrick Williams\willide02,PF,25,CLE,7,0,24.0,3.4,6.0,.571,1.0,2.7,.368,2.4,3.3,.739,.655,2.3,3.3,.696,0.1,3.3,3.4,1.0,0.3,0.0,0.6,1.3,10.1
447,Lou Williams\willilo02,SG,30,TOT,61,1,24.3,5.7,12.7,.447,2.2,5.6,.395,3.5,7.1,.488,.535,5.2,6.0,.882,0.3,2.0,2.3,3.1,1.1,0.2,2.0,1.2,18.9
447,Lou Williams\willilo02,SG,30,LAL,58,1,24.2,5.6,12.7,.444,2.1,5.4,.386,3.5,7.2,.488,.527,5.2,5.9,.884,0.2,2.1,2.3,3.2,1.1,0.2,2.1,1.2,18.6
447,Lou Williams\willilo02,SG,30,HOU,3,0,26.7,7.0,14.0,.500,4.7,9.3,.500,2.3,4.7,.500,.667,5.3,6.3,.842,0.7,1.0,1.7,2.3,1.3,0.3,1.3,2.3,24.0
448,Marvin Williams\willima02,PF,30,CHO,53,53,29.0,3.9,9.6,.409,1.7,4.9,.345,2.2,4.7,.476,.497,1.5,1.8,.849,0.9,4.7,5.6,1.2,0.7,0.6,0.8,1.7,11.0
449,Reggie Williams\willire02,SF,30,NOP,6,0,13.2,1.3,3.8,.348,0.8,1.8,.455,0.5,2.0,.250,.457,1.0,1.2,.857,0.3,0.7,1.0,0.7,0.5,0.0,0.0,0.3,4.5
450,Troy Williams\willitr02,SF,22,MEM,24,13,17.4,2.1,5.1,.418,0.4,1.7,.244,1.7,3.4,.506,.459,0.6,1.0,.600,0.3,1.6,1.8,0.8,1.0,0.4,1.1,1.8,5.3
451,Kyle Wiltjer\wiltjky01,PF,24,HOU,9,0,3.2,0.3,1.1,.300,0.3,1.1,.300,0.0,0.0,,.450,0.1,0.2,.500,0.3,0.4,0.8,0.0,0.0,0.1,0.3,0.3,1.1
452,Justise Winslow\winslju01,SF,20,MIA,18,15,34.7,4.4,12.6,.354,0.4,1.9,.200,4.1,10.6,.382,.369,1.6,2.6,.617,1.3,3.9,5.2,3.7,1.5,0.3,1.8,2.9,10.9
453,Jeff Withey\witheje01,C,26,UTA,32,0,7.9,0.9,1.7,.519,0.0,0.0,.000,0.9,1.7,.528,.519,0.7,0.9,.786,0.8,1.4,2.2,0.1,0.3,0.7,0.3,0.9,2.4
454,Christian Wood\woodch01,PF,21,CHO,5,0,9.8,0.8,2.0,.400,0.0,0.8,.000,0.8,1.2,.667,.400,1.0,1.2,.833,1.2,2.0,3.2,0.4,0.0,0.4,0.4,1.2,2.6
455,Metta World Peace\artesro01,SF,37,LAL,18,1,4.5,0.3,1.6,.214,0.1,0.9,.125,0.2,0.7,.333,.250,0.2,0.4,.500,0.2,0.3,0.5,0.3,0.2,0.1,0.2,0.7,1.0
456,Brandan Wright\wrighbr03,PF,29,MEM,8,0,13.9,3.1,5.5,.568,0.0,0.1,.000,3.1,5.4,.581,.568,0.6,1.1,.556,1.3,1.3,2.5,0.1,0.4,0.8,0.4,1.1,6.9
457,Delon Wright\wrighde01,PG,24,TOR,5,0,15.6,2.2,4.6,.478,0.4,1.4,.286,1.8,3.2,.563,.522,1.4,1.6,.875,0.2,1.0,1.2,1.2,0.4,0.4,0.0,1.4,6.2
458,James Young\youngja01,SG,21,BOS,23,0,7.6,1.0,2.1,.469,0.4,1.1,.385,0.6,1.0,.565,.571,0.2,0.3,.714,0.3,0.7,1.0,0.2,0.3,0.0,0.1,0.5,2.7
459,Joe Young\youngjo01,PG,24,IND,27,0,4.6,0.9,2.5,.358,0.2,0.9,.217,0.7,1.6,.432,.396,0.3,0.5,.692,0.0,0.5,0.5,0.5,0.1,0.0,0.1,0.2,2.3
460,Nick Young\youngni01,SG,31,LAL,53,53,26.3,4.6,10.6,.435,2.8,6.9,.405,1.8,3.7,.492,.567,1.4,1.6,.851,0.5,1.9,2.3,1.0,0.7,0.3,0.6,2.3,13.5
461,Thaddeus Young\youngth01,PF,28,IND,52,52,30.8,4.8,9.3,.522,0.8,2.1,.396,4.0,7.2,.559,.567,0.7,1.3,.554,1.5,4.6,6.1,1.7,1.8,0.5,1.5,1.9,11.2
462,Cody Zeller\zelleco01,PF,24,CHO,39,37,26.8,4.2,7.2,.587,0.0,0.0,,4.2,7.2,.587,.587,2.4,3.4,.692,2.3,4.2,6.5,1.4,0.8,1.1,1.3,3.2,10.8
463,Tyler Zeller\zellety01,C,27,BOS,37,5,11.5,1.7,3.5,.488,0.0,0.0,.000,1.7,3.5,.492,.488,0.4,0.7,.593,1.0,1.8,2.8,0.9,0.2,0.5,0.4,1.2,3.8
464,Stephen Zimmerman\zimmest01,C,20,ORL,10,0,3.8,0.6,1.3,.462,0.0,0.0,,0.6,1.3,.462,.462,0.0,0.1,.000,0.4,1.2,1.6,0.2,0.1,0.1,0.0,0.2,1.2
465,Paul Zipser\zipsepa01,SF,22,CHI,23,5,15.2,1.3,4.0,.341,0.6,2.0,.283,0.8,2.0,.400,.412,0.9,1.1,.800,0.3,1.9,2.3,0.4,0.3,0.2,0.7,1.0,4.1
466,Ivica Zubac\zubaciv01,C,19,LAL,25,1,14.0,2.6,5.1,.504,0.0,0.0,,2.6,5.1,.504,.504,0.8,1.1,.679,1.2,2.8,3.9,0.5,0.3,0.9,0.8,1.4,5.9